2970 22
2971 104 72
2972 191 25 22 80
2973 31 16 34 0
2974 2 275
2975 4 5 65
2976 72 233 77 673 85 43 716 33
2977 664 2 31 22
2978 4 8
2979 410 8 392 186 113 9 473 151
2980 92 8 22 90
2981 69 9 93 0
2982 15 58 4
2983 66 94 31
2984 40 93 4 754
2985 13 768 31 202 4 9
2986 30
2987 117 43 25 46 442 521 65 120 0 409 9 31 441
2988 49 51 8 809 855 920
2989 273 22 7 11 22 15
2990 95 0 22
2991 170 1 24 372
2992 22 53
2993 123 921
2994 10 0 20
2995 335 44 515
2996 4 589 121 12
2997 31 66 79 304 808
2998 449 117 95 509 79 268 77 529 370 93
2999 22 718 194 302 31
3000 58 191 470 20 1 557
3001 651 8 272
3002 0 49
3003 18 12
3004 50
3005 0 9 2
3006 647 0
3007 4 20
3008 170 22 20
3009 8 365 348
3010 89 131
3011 853 22 72 63
3012 66 333 102 265 191 338 517 136 139 107 418 25 187 110 4 78 182 130 57
3013 923 22 249
3014 208 358 721
3015 238 52 31 128 9
3016 562 882 110 22 488 217 136 172 171 135 148 57 78
3017 551 31 9 300
3018 252 318 31
3019 11 2
3020 9 20
3021 568 289 79 443 89 138 31 370 248 72 70 758 74 11
3022 51 24 487
3023 455 56 89 9 72
3024 0 324 309 99 31 430 51 22 202
3025 135 22 72
3026 72 30 31 89 306
3027 117 90 22
3028 22 22 8 467 461 99 125 117
3029 182 851 80
3030 7 22 1 387
3031 30 80 57 289 563 105
3032 117 590 42 264 116 501 694 191
3033 924 310 898 206 94
3034 4 216 22
3035 22 154 117
3036 66 659
3037 860 22 20
3038 564 185 202 4 78 20 289
3039 22 15 913
3040 49 1
3041 143 457
3042 4 80 634
3043 11 25 9 20
3044 128 760 31
3045 1 4 31 85 20
3046 546 4
3047 11 55
3048 22 129
3049 15 8 58 22
3050 135 136 125
3051 153 22 117
3052 1 4
3053 52 11 77 136 24 8 154
3054 8 31 22
3055 134 72
3056 2 25 0
3057 9 1 31 520
3058 190 9 4
3059 51 31 77 300
3060 0 621 8 4 257
3061 123 289 444 131
3062 146 327 31
3063 662 114 9 25 218
3064 30 289 4 144
3065 93 106 22 202
3066 6 216
3067 509 511 441 120
3068 69 124 326 421
3069 66 844 505 89 781 30 129 171 57
3070 1 58 0
3071 0 15
3072 517
3073 22 218
3074 400 77 25 56
3075 116 178 914
3076 79 22 4 31 202
3077 8 11 1
3078 1 663 13 9
3079 265 565
3080 1 317 8 496 106
3081 96 214 744 66 289 39 30 202 9
3082 131 79 20 4
3083 50 32 22 9
3084 25 56
3085 20 0 49
3086 22 31
3087 581 491 681 1
3088 108 31 1 260 253
3089 22 42
3090 221 7 221 39
3091 39 171 8 31
3092 8 7 37
3093 104 25 4
3094 30 51
3095 2 10 20
3096 22 0 2
3097 2 15 1
3098 11 0
3099 1 12 9
3100 8 7 0
3101 31 94 476 597 453 214
3102 272 14 919 0 25 90 8 431 20 447
3103 885 18 9 34
3104 572 217 253 64
3105 22 52 108 22 136 8
3106 215 31 208 30
3107 1 58
3108 79 17 616 659
3109 756 138 31 570 131 91
3110 217 22 4
3111 285 20 291
3112 79 49
3113 31 30
3114 24 342 79 136 64 131 182 488 485 57 25 104 217 118 620 646 22 22 257
3115 39 48 7 1
3116 370 484 128 143 28 504
3117 669 118 72 191 78
3118 672 22
3119 10 0 9 2
3120 661 0 15 114 1 9
3121 20 55 18
3122 1 121
3123 9 1 4 121
3124 39 42 122 77 848 249
3125 4 880
3126 439 162 4
3127 1 47 44
3128 6 7
3129 919 4
3130 765 602 134 31 603
3131 30 349 106 92 824
3132 414 544 621 426 256 671 77 8 380
3133 16 0
3134 238 8 11 22 2
3135 339 387 80
3136 11 692
3137 305 2
3138 217 2 0
3139 521 131 502 80 486
3140 1 753 2
3141 4 104 65 1
3142 81 50 8 10 253 310 43 191 1 317 216
3143 4 58 22 1
3144 8 0
3145 117 66 784 106 299 89 80 309 814 49 477 787 46 39 928
3146 37 111 22 365
3147 11 517 518 18 48
3148 2 661 104 9
3149 11 247
3150 327 43 317 114 9 310 15
3151 4 49 0 99
3152 12 0 377
3153 34 1
3154 262 456 22
3155 667 28 25
3156 18 47
3157 11 0 175
3158 324 104
3159 0 9
3160 9 0 1 25
3161 20 117 4
3162 31 251 180 77
3163 24 31 383 90 80
3164 4 28
3165 289 129
3166 234 0 9
3167 113 20
3168 191 50 73
3169 193 9
3170 116 75 326 673 124
3171 108 117 904 845 930 931 571 800 8 243 935 212 206 905 561 846
3172 4 15 567
3173 507 89 77 30 390
3174 106 17 282
3175 2 1 218 0 335 20 4 247
3176 439 104 1
3177 2 18
3178 22 154 22 338 522 432 582 24 80 56 194 104 900 427 453 544 537 418 90 282 265 539 72 217
3179 281 936 135 28
3180 25 20 0
3181 25 40 4 15
3182 388 22 93
3183 50 73 22
3184 337 185 22 191
3185 335 25 642 20
3186 465 31
3187 8 1 9
3188 30 140 28 57
3189 0 15 2 1
3190 39 79
3191 112 22
3192 90 104 0
3193 72 78 8 80 397 444 380 426 79 22 170 584 122 427 118 254 398 40
3194 1 4
3195 31 493 79 42 56
3196 135 445
3197 161 170
3198 227 20
3199 22 1 89 15 24 441
3200 93 327 22 90 37 9 131
3201 8 0 20
3202 16 198 22 31 81 123
3203 365 886
3204 0 324 4 476
3205 82 2 1
3206 0 22
3207 56 72
3208 7 113 806
3209 66 247 441 225 937
3210 77 120 72 254 8 326
3211 22 174
3212 0 2 55
3213 48 4
3214 31 477
3215 483 51 333 191 25
3216 9 310 244 5
3217 0 499
3218 711 118 562 398 213 256 539 80
3219 104 22 1
3220 11 20 1
3221 2 9
3222 4 25 6
3223 58 0 2 1
3224 204 31
3225 34 0 377 48
3226 56 6 176 1
3227 633 22 0 5 447 1
3228 50 191 93 40
3229 1 317 0 335 9 221 90 87
3230 4 233 31
3231 2 753 0
3232 11 4
3233 82 2 0
3234 56 30 36 182 51 873
3235 11 2 12
3236 1 50 8 9 5
3237 1 9
3238 289 406 135 823 28
3239 576 327 22 548
3240 866 95 73 453 586 31 64
3241 117 31 206
3242 22 31
3243 7
3244 4 2 216 22 15
3245 9 0 31
3246 49 348 5
3247 1 2 55
3248 2 9
3249 77 31
3250 79 291 22 6 9 414
3251 22 440 332 39
3252 22 31
3253 0 2 9
3254 0 99
3255 118 22 8 80
3256 66 181 345 358 191 72 136 8 31 93
3257 89 439 31
3258 173 488 586 447 813 671
3259 22 860 4
3260 22 576 0 22 2
3261 335 163
3262 138 31 42
3263 31 118
3264 562 398 80 8 128 566 31 568
3265 0 18
3266 57 8 175 117 46
3267 0 42 90
3268 63 30 66 289
3269 1 0 2
3270 22 31
3271 16 30 4 56
3272 9 2 1 247
3273 8 28 30 31 66 89 51
3274 24 31 104
3275 22 80 129 78 620 308
3276 225 0 42 9 13 272
3277 216 20
3278 56 912 0 218
3279 28 22 72 50 128 152
3280 520 517 0
3281 25 505
3282 1 323 90
3283 22 79 348
3284 81 22 15 324 317 353 1
3285 24 626 136 77 447
3286 77 57 31
3287 0 37
3288 407 60 436
3289 72 96 195
3290 8 102 173 224
3291 20 4
3292 78 173 9 443 117
3293 4 253 43
3294 617 66 167 134
3295 272 22 22 0 24 885
3296 20 93 524
3297 22 93
3298 58 80 28 505 0 31 89 90 217
3299 22 1 103 496 12
3300 39 57 15
3301 20 12
3302 22 53 191
3303 414 332 4
3304 398 25 118
3305 317 660
3306 659 37 283
3307 136 187 22
3308 170 53 1 1
3309 30 308 468 70 57 7 89 1 501 239 658
3310 118 31
3311 28 22 299 31
3312 40 22 130 131
3313 61 31
3314 743 25 105
3315 104 8 114 1
3316 886 136 99 66
3317 25 8 0
3318 10 22 0 83 232
3319 562 4 31 58 0 558
3320 8 185 80 57
3321 414 2 10 0 56 105
3322 79 251 895 202
3323 89 138 675
3324 0 2 15
3325 2 731 1 15 407 31
3326 116 326 25 63
3327 66 289 22
3328 136 56 66 61 775 191 125 580
3329 554 289 79 39 602 134 8 31 68 765 605 202
3330 73 187 39 381 72 31
3331 662 39 22
3332 80 854
3333 31 30 0 80
3334 0 12 79
3335 521 431 4 352 18 16 90 274 48 586 7
3336 41 923 22 468 244
3337 2 53 0
3338 89 653
3339 48 383 583 7 34 61 80 217 31 152 233
3340 15 10 1 1
3341 118 225 228 92 397 517 31 78
3342 89 25 662
3343 93
3344 41 335 431 1 310 324
3345 134 247 8 72 117 77 9
3346 4 106 22 22 15 24 232
3347 173 22 57
3348 244 80 22
3349 656 7 218 43 54
3350 31 120
3351 8 2 9 1
3352 9 93 253
3353 79 89 530 527 380 22
3354 31 408 9 1 4 2
3355 4 104 15
3356 135 28 428 31 411 50
3357 312 877 345 922 490 485 384 64 280 102 537 51 65 110
3358 99 144 42
3359 0 20 25 2 9
3360 25 9 0
3361 8 30 361
3362 117 95 73 482 40 187 89 733 584 514 940 694 90
3363 116 342 77 254 134 486
3364 216 2 9
3365 2 1 10 104
3366 395 79 31 32 265 154 78
3367 16 261 82 2 58 9 90
3368 219 447 22
3369 1 131 31
3370 123 42 761
3371 941 31 900 935 122 929 930 450 924 932 904 443 472
3372 31 268
3373 9 2 11
3374 30 42
3375 645 42 348 370
3376 39 317 22
3377 49 1 98
3378 13 5 9 2 247
3379 247 730
3380 50 470 98 90
3381 9 25 18
3382 2 104 0
3383 22 51 575
3384 514 22
3385 8 22 94
3386 11 31 25 20
3387 95 40 1
3388 73 9 2 31
3389 9 2 407
3390 9 11 0 20
3391 117 22 31
3392 370 158 143
3393 45 253 90
3394 0 25 662 114
3395 31 882 250 117 398 937
3396 380 4 78 31 42 513 366 121 71 942 9 117
3397 250 253 370
3398 31 8 282 99 337 9
3399 43 386 2 0
3400 43 16 39 0 41 20 221
3401 858 8 4 42 117
3402 387 265 66
3403 289 80
3404 15 153 621 348
3405 1 40 58
3406 2 19 25 11
3407 43 66 207 51 824 30
3408 213 135 168 151
3409 273 22 176
3410 131 117 299
3411 50 505 89
3412 304 31 131
3413 10 0 2 5
3414 20 48
3415 756 22 397 398 89
3416 31 517 691 191 202
3417 8 79 20
3418 8 79 43 313 77 265 850 529 443 571
3419 8 2 9
3420 58 90 15 16 22
3421 28 22 375
3422 4 216 1 9 90
3423 498 312 25 58 0 13
3424 777 805
3425 642 215 487 22 158 430
3426 25 80 772 283 333 310
3427 202 4 31 95 22 756 20
3428 25 61 131 191 411 9 92
3429 79 0 230 3 4 20
3430 135 22 66
3431 11 0 2 114
3432 4 30 31
3433 380 24 25
3434 4 20 19
3435 81 22 353 50 272
3436 1 194 31 148
3437 11 4
3438 8 31 296 56 77
3439 31 662
3440 20 19
3441 432 559 282 89 189 110 61
3442 22 19 642 20
3443 68 22 31
3444 9 739 1
3445 22 208 255
3446 0 15 2 1 86
3447 118 451 476 25
3448 99 769 18
3449 690 8 4 24
3450 7 82 22 0 13
3451 335 44 163 20
3452 107 760 80
3453 339 756 92 267 97 118 31 128 380 80 117
3454 230 8 1
3455 173 286
3456 43 8 289 131
3457 9 80 788
3458 37 476 512 202
3459 20 9
3460 82 2 1 218 5
3461 393 536
3462 9 10
3463 20 18 30
3464 191 95 333
3465 8 0
3466 748 79
3467 4 2
3468 24 22 104
3469 16 0 4 131 1 9
3470 22 9 2 10
3471 0 9
3472 118 249 8 851 72 256 171 117
3473 58 25 90
3474 30 9 368 31
3475 4 263 621 217
3476 299 28
3477 22 22 194 244 15 944
3478 254 251 769
3479 10 8
3480 49 90 8 175 1 221 1
3481 283 24 264 945 244
3482 24 13 0
3483 25 7 2 104 31 104 12
3484 4 49 398 602 799 602 265 562
3485 24 145 31 28
3486 69 61
3487 310 673 57
3488 16 4
3489 28 31 540 445
3490 145 92 675 113 22
3491 2 58 11 10 9 753
3492 739 218 0 31 5
3493 50 370 76
3494 8 53 31 408
3495 22 148 57 22
3496 395 652 0 8 221
3497 22 121
3498 171 31
3499 570 79 80 539 348
3500 45 451 6
3501 484 89 68 418 25
3502 8 56
3503 28 263 99 328 693 31 265
3504 289 22 213 28
3505 212 39 31 208 244
3506 194 224 95 202 80 186 181 31 9 10 25 317 0 66 901 160 430 154 386 154 324 6 58 81
3507 8 80 512 31 310 121
3508 2 83 9
3509 390 22 79
3510 744 552 30 394
3511 191 79 93 309
3512 8 22 31 35
3513 880 22
3514 89 804
3515 659 22 31 77
3516 22 4
3517 89 73 28 93
3518 31 106 839 546
3519 253
3520 69 136 253 46
3521 947 22 117 42
3522 243 44 202 117 310
3523 337 215 31
3524 15 90 1
3525 8 0 10 12
3526 769 22 22
3527 322 31 320
3528 8 79 22 202 9
3529 34 859 31
3530 31 424 22 25 839 585 50 584 72
3531 444 117 441
3532 160 117 79 49 487 51 372 466 337 31 202
3533 11 10 0
3534 173 111 761 22 65 77 42
3535 7 39 558 264 158 778
3536 34 4 106 18
3537 117 154 8
3538 2 11
3539 873 31
3540 26 191 210 31 450 134
3541 65 79 31 289
3542 11 9 5
3543 104 1 22 11
3544 2 1
3545 0 4
3546 16 28 250 0 12
3547 37 158 56 192 79 534
3548 19 134 1 31 56 90 171 194 70 131 1
3549 22 7
3550 16 275 13 10 335 18 9
3551 1 365 2 10 39
3552 9 648
3553 761 79 289 117
3554 8
3555 66 31 441
3556 919
3557 20 253 22
3558 22 25
3559 11 9
3560 853 24 22 304
3561 225 50 42 247 311 218 0 273 377 120 704 232 38 73 7 275 258 8 9 52
3562 744 253 72 394 77 215 215 415 185 460 456 630
3563 15 4
3564 30 394 77 415 185 416 9 33
3565 28 191 25
3566 8 486 80
3567 495 818 31 30 4 43
3568 838 191 756 397 8 30 724 228 425 757 118 570
3569 247 30
3570 11 25 0 18
3571 104 191 135 8 31 93 22
3572 312 51 342
3573 272 353 680 22 31
3574 11 17 2
3575 22 881 398
3576 117 254 42 90
3577 234 31 30
3578 16 34 1 1 275 0
3579 0
3580 0 89 212 80 385 25
3581 150 117 444 443 526 120 123 42 441
3582 20 93 50 7
3583 4 181 289
3584 22 22 104 15
3585 4 602
3586 20 69 596
3587 761 80 118
3588 25 7 1 9
3589 240 121 239
3590 428 138 308 135
3591 8 22
3592 11 54 0 20 9
3593 1 753
3594 262 855 136
3595 2 9
3596 22 10 80
3597 34 85 2 83 10 18
3598 136 8
3599 517 22 111
3600 1 654
3601 637 585 584
3602 79 9
3603 22 725
3604 218 0 9 43
3605 333 908 709 57
3606 6 1 3
3607 74 476 95
3608 510 704
3609 517 1 104 331 89
3610 20 7 679 374
3611 10 22 1 15
3612 123 368 84 30 246 120 439 4 221 483 7 403 122 8 56 9 332
3613 178 117 8 39 92 106
3614 31 7 16 10 85 274 84 123 25
3615 205 336 28
3616 22 22 616
3617 145 31 135
3618 0 81 6 1 9
3619 90 43 193
3620 170 22 443 89 74 50
3621 4 48
3622 49 22 25
3623 349 31
3624 755 504 22 22
3625 22 834 72 80 78
3626 79 191 31 22
3627 506 22 1
3628 439 327
3629 1 24 95 58
3630 718 143 719 575
3631 104 22 9
3632 0 1
3633 28 655 497 110 131 397 80 720 326 69 424 135 148 418
3634 0 55 4 1 9
3635 58 20 22 461 515 272
3636 4 31
3637 8 175 9 4 2
3638 443 370 215 63 31
3639 4 52 30 31 0 1
3640 311 2 1 39
3641 264 443 4 22
3642 106 9 15
3643 7 0
3644 117 756 444 80 253 72 97 404 375 31 90
3645 84 31 30
3646 39 18 22 202
3647 0 8 576
3648 1 22
3649 7 0 8 3
3650 265 50 28 256
3651 78 53 8
3652 8 22 9
3653 20 1
3654 928 18 72 370 28 34
3655 342 79 158 31
3656 31 251 93 33
3657 721 6 7 9 217 92 39
3658 400 90 80 31 79 40 104 4
3659 20 4
3660 90 308
3661 1 56 2
3662 326 80
3663 8 2 9
3664 31 25
3665 254 22 9 8
3666 273 450 16 77 0 218 9 18
3667 22 28 572 135
3668 441 42
3669 9 134
3670 432 282 129 66 194 318 89 117
3671 383 22 1 576 9 545
3672 188 22
3673 0 15 4 112
3674 681 585 528 439
3675 20 22
3676 1 0
3677 20 80 138
3678 272 118 52 2 6 443 862 235 121 24 439 220 901
3679 25 66 621 10 80 191 8 4 31
3680 152 0 20
3681 79 505 80 720 194 69 924 319 90
3682 11 1 633
3683 854 31
3684 1 72 121 82 0
3685 308 77
3686 2 73 10 4 82
3687 27 22 512 702
3688 217 31 152
3689 58 49
3690 25 244 917
3691 80 25
3692 188 380 56
3693 62 415 118 14 300 31 478 30 202 53 289 9
3694 22 4
3695 248 138 39 825 947 270 51 24 243 512 31
3696 216 9 54
3697 401 8
3698 2 11 10 238 9
3699 8 46 25 31
3700 476 90 118 253 120 265
3701 73 453 186 253 32 425 336 897 363 31 198 93
3702 24 22 22 327
3703 470 367
3704 11 9
3705 4 11 743
3706 194 432 191 1 162 61 537 80 139 387 488 419 106 25 104 66 37 173 345 338 474 712 673 22 30 37 22
3707 24 7 258 40
3708 31 187
3709 20 230 0 1
3710 22 22 353
3711 40 31
3712 10 4 0
3713 2 0 4 9
3714 126 22 22
3715 0 377 12 82 49 22 365
3716 342 39 50 345 191 99 187 125 25 51
3717 11 0 7
3718 912 264 20 869
3719 39 0 4
3720 7 528 8 30 585 439 9 64
3721 93 219 660
3722 252 779 22 8
3723 456 415 688 744 66 208 215 289
3724 160 25 228 131 128 797 31 92 769
3725 86 1
3726 67 600
3727 0 2 9
3728 8 0
3729 25 476 22
3730 42 230 268 89
3731 191 31 89 118
3732 37 387
3733 79 4 249 50
3734 661 22 25 387 20 351 1
3735 16 574 2 0
3736 39 155
3737 27 95 289
3738 804 79 539 342 265 926 30 490 25 22 46 22 57
3739 11 0 1
3740 602 443 604 472
3741 92 28 1
3742 219 265 28 342 89
3743 94 4 27 74
3744 79 8
3745 306 30
3746 137 25 222 882 11 667 61 136 56 135
3747 897
3748 30 418 106
3749 123 254 73 441
3750 42 213
3751 136 167 22 22
3752 22 25
3753 111 195
3754 31 244 20 1
3755 170 22 49 72 8 4
3756 31 28 546
3757 39 8 31 591 212 611 824 460 80 361 191 187 571 136 56 131 118 262 125
3758 1 0
3759 49 0 1
3760 386 22
3761 607 79 602 31 765 604
3762 0 647
3763 571 394 116 77 56 215
3764 262 22 294
3765 453 626 199 28 824 502 206 8 191 89 340 39 846 786 247 136 419
3766 0 10
3767 20 7 104
3768 4 233 8 10 58 1
3769 0 327 1 9
3770 50 20
3771 107 208
3772 53 9 22
3773 9 0
3774 22 57 31
3775 1 515 20
3776 22 206 666 357 354 22 167 145
3777 696 561
3778 80 22
3779 9 0
3780 1 0
3781 499 2 305 5
3782 575 31 96
3783 11 31
3784 0
3785 72 31 790
3786 31 9 8
3787 11 8 10
3788 953 22 64
3789 8 234 365 9
3790 702 202 590
3791 48 79 274 191 24 221 104 152
3792 11 2 7
3793 0 12
3794 65 670 647 28 125
3795 89 414 91 263
3796 2 576 4 22 59 218
3797 4 191
3798 230 55 0
3799 311 22 1 39 0 741 4 106 353 90
3800 4 16 30 270 90 0 120
3801 171 256 191 570 396 331
3802 554 22
3803 253 22 65 30
3804 24 89 8 4 681
3805 11 325 0 264 9 171 42
3806 396 24
3807 31 9 78
3808 39 634 31 128 265 78
3809 0 2
3810 15 365 20 1
3811 744 11 143
3812 49 15 191 25
3813 402 282 92
3814 0 13 9 4
3815 272 10 24 342 701 123 12 42 311 276 2 0 218 3 19 476 273 324 6 185 1 505 51 7 39 335 90
3816 289 31 672 33
3817 8 18 89 30
3818 30 567
3819 172 72 570 4
3820 0 10 1
3821 66 31
3822 691 439 89 79
3823 22 217 0
3824 2 55 9
3825 6 20 10 1 220 4 2
3826 80 31 136
3827 77 387 89 464 46 22
3828 239 20 1 240
3829 16 763 589
3830 4 31 425 289
3831 28 950 22 89
3832 22
3833 9 2 202
3834 304 39 154 22
3835 0 55 1
3836 31 721 262
3837 2 7 13
3838 708 43 8 31 446 806 202
3839 66 80 370
3840 117 25
3841 11 37 291 101
3842 49 90 891 56 162 25
3843 487 90
3844 93 104 18 22 95 519
3845 0 9
3846 187 31
3847 25 1 9
3848 49 11 228 383 31 122 710 418 106 886
3849 9 2
3850 22 4 363
3851 273 0
3852 70 909 121 30
3853 22 212 191 136
3854 8 591 80 429
3855 7 13 22 0 25 15 90 247 662 103 216 664
3856 194 25 2
3857 39 31 859 118 117 403
3858 48 0
3859 117 510 8 22
3860 9 0
3861 118 66
3862 9 55
3863 0 8 43 216 54
3864 105 18 288 25 158 80 20
3865 22 413 257
3866 171 136 118 120
3867 134 92
3868 2 1
3869 134 397 217 128 57
3870 34 0 9 25 19 191 56 1
3871 312 85 7 22
3872 234 24 9
3873 95 25
3874 9 0 5
3875 56 61
3876 79 312 185
3877 11 6 25 4
3878 22 37 117
3879 138 955 145 147 308 211 89 9 131 584
3880 89 558 145 131 733 9 732
3881 614 742
3882 521 487
3883 49 20
3884 2 5 8 175 1 9
3885 178 4 22 30 39
3886 31 602 152
3887 273 22 1 218 50 31
3888 2 0 261
3889 20 476 0 22
3890 22 4 10
3891 96 39 289 56 214
3892 171 31 517
3893 1 10
3894 93 50 202
3895 217 576 1 7
3896 281 789 256 145 72
3897 375 443 256 441
3898 213 503 28 151 301
3899 25 22 31
3900 1 2 5
3901 22 5 8 20 123
3902 64
3903 9 5
3904 8 22 49
3905 459 289 72 14 394 53 77 31 415 478
3906 221 20 0
3907 515 20 0
3908 55 633 9
3909 117 623 98 855
3910 11 8 22
3911 0 229 86
3912 194 30 9
3913 25 613 9
3914 51 73 39 255 860 128 699 80 61 358 449 546 228 9 721 131
3915 519 22 0 6 1
3916 383 900 61 172 57 645
3917 500 336 138 26 28 250 135 158 92
3918 627 19 642
3919 1 31 463 89 49
3920 659 11 12 218
3921 25 48 106 20
3922 79 90 799 24 7 50 1
3923 817 0 8 4 289
3924 43 25 75 193 136 99 808 31 64 104 530
3925 216 2
3926 20 783 17 4
3927 1 57
3928 390 31
3929 22 25 557
3930 31 80
3931 0 2 11
3932 792 327 31 89
3933 4 22 69
3934 289 34 589
3935 208 202 72 415 457 185 416 9 212 33
3936 8 265
3937 22 95 93
3938 952 1 4 80
3939 289 22 31
3940 383 140 571 77 120 123 42 202
3941 66 57
3942 31 89 78
3943 50 530 14 22 4
3944 10 729 22 5
3945 11 90 28
3946 395 668 526 194 768 4 31 645 881
3947 9 0
3948 1 594 743 275 115
3949 50 9 403
3950 49 57 78 121 162
3951 95 768 5
3952 299 31 6 22
3953 234 30 1 31
3954 786 118 363
3955 22 22 31
3956 22 72 80 331
3957 22 58 80 4
3958 0 10
3959 78 2
3960 2 518 15
3961 388 77 251 178
3962 30 15 16 4 371
3963 22 2
3964 38 9
3965 1 4
3966 105 253 563
3967 34 31 10 385 48 202
3968 9 12 25
3969 274 202 335 7 311 85 1 386 743 42 84 10 108 51
3970 257 878 909 324
3971 273 25 20
3972 49 22 0
3973 175 218 176
3974 1 4 15
3975 80 22 557
3976 58 2 311 13 8 748 781
3977 295 2 9
3978 20 0 5
3979 402 586 151 428 149 510 214 213 74 191 30 31
3980 2 1 10 54 8 9 580
3981 10 9 15 7
3982 79 31 735 348
3983 1 39 16
3984 143 22 207
3985 449 265 22 653 454
3986 0 2
3987 8 77 89 39
3988 4 126
3989 22 31
3990 11 1
3991 31 1 365
3992 20 80
3993 17 399
3994 753 576 9 1 2
3995 253 9 515 4 93
3996 941 522 800 31 935 846 735 443 814
3997 75 30 128 415 416 457 744 119 459 118 370 36 255 249
3998 415 552 31 9
3999 218 0 56 4
4000 77 42 22
4001 28 31 668 145 500
4002 0 34
4003 302 131 31
4004 22 242 31 4
4005 50 0
4006 0 106
4007 327 22 691
4008 11 50 1 229 2
4009 8 22 31 814
4010 844 8 117
4011 79 28
4012 39 72 80 89 22 634 1
4013 20 90 22 5
4014 4 1 31
4015 49 50 25 4
4016 0 24 22 31
4017 270 8 93 253
4018 626 723 105 22 585
4019 0 11 576
4020 639 18
4021 4 0 20 2
4022 191 439 4 370 72 1 31 78 1 80
4023 686 1 289 31
4024 89 63 61 250 9 30
4025 26 80 240 28
4026 4 18 6
4027 20 121
4028 78 34 31 558
4029 291 1 9
4030 220 5 80 25 1 58 1 106 9
4031 2 234 22 9
4032 12 11 13
4033 125 78
4034 9 327 60 4
4035 31 331 233
4036 22 272 22 81
4037 515 79
4038 785 11 4
4039 90 43 51 476
4040 25 79 184 22 1 175 0 85 9 548
4041 104 793 940 104
4042 58 175
4043 24 251 626 447
4044 93 22 25
4045 22 0 9
4046 262 761 250 22 56 125 105
4047 8 25
4048 741 49 175
4049 50 22 65
4050 8 158
4051 789 28 8 25
4052 134 136 9
4053 299 25 39 22 22
4054 0 4 945
4055 58 2 0
4056 8 0 2
4057 108 597
4058 117 39 425 56 348 212
4059 118 22 590
4060 20 317 4 9
4061 135 472 28 505
4062 11 3 1
4063 3 8
4064 22
4065 117 22 43
4066 4 153 104
4067 22 1 111
4068 132 225 79 22
4069 61 333 22
4070 57 673 75 77
4071 22 0 310 4
4072 185 220 20 593 247
4073 108 770 686 297 258 51 30 195 762 31
4074 244 280 51
4075 522 79 31 953
4076 25 37 51 134
4077 8 15 2 0
4078 250 253 78 72
4079 187 31
4080 590 148 27
4081 2 5 55
4082 265 289 77
4083 442 8 84 9
4084 135 668 733
4085 0 31 9
4086 702 9
4087 22 198 177
4088 18 0
4089 616 20 49
4090 194 432 148 255 282 418 31 108 333 253 819 806 365
4091 723 563 31 404 158
4092 22 253
4093 31 43
4094 2 8 4 124 232
4095 77 128 529 31
4096 79 8 30 166 441 795
4097 842 51 8 135 92
4098 56 385 25
4099 25 386 0
4100 54 2 5
4101 1 78 20
4102 20 58
4103 79 22 225 77 443 117
4104 136 24 22 92
4105 55 9
4106 327 1 8 0
4107 374 327 1 691
4108 79 30
4109 4 3
4110 66 22 348
4111 20 1 9
4112 1 0 1
4113 66 31 418
4114 331 85 823 89 8 502 150 206 138 72 936 125 428 135
4115 40 2 1 476 430
4116 22 193 194 259 255 57
4117 8 327 9 914
4118 10 2 7
4119 3 0 353 4 369
4120 31 9 2 275
4121 31 310 37 37
4122 273 34 274 7 22 0 229 104 232 81
4123 4 0 289 353
4124 175 90 12 9
4125 25 20
4126 861 852 89 215 106
4127 289 96 33 135
4128 61 85 11 20 9
4129 1 11 0
4130 10 11 1 9
4131 412 24
4132 75 393 425 77 1
4133 94 22
4134 182 265 118 22
4135 118 849 80 398 240 131
4136 4 1 305
4137 117 118 261 22 669 228 443 80
4138 382 22 670
4139 25 22 18
4140 0 4 324
4141 489 8 808 348 56 84 248
4142 8 2 0
4143 117 134 78
4144 918 732 93 320 514
4145 518 107 411 28
4146 191 64 74 31
4147 2 365 0 9
4148 2 7
4149 353 2 57
4150 8 0 1
4151 18 64 27 878
4152 8 261
4153 56 1
4154 642 218 20 452
4155 124 258 111 50
4156 9 1 234 13
4157 518 31 735
4158 10 5
4159 48 31 0
4160 90 22 40
4161 72 25 526 31
4162 31 30
4163 272 81 0 9
4164 11 615 4 112
4165 136 31 125
4166 0 22
4167 9 82 0
4168 22 22 77 80 0 218 3 264 20
4169 20 6
4170 57 225 30 171
4171 70 207 339 57 106
4172 1 65
4173 0 305
4174 206 22
4175 22 30 340
4176 80 20 118 1
4177 83 31
4178 1 0
4179 12 0 81
4180 151 128 28 131
4181 16 31 10 20
4182 0 7 6
4183 191 129 418 92 25 194 56 69 57
4184 951 22 20
4185 28 30
4186 66 31
4187 79 1
4188 11 899 17 4
4189 510 195 243 330 943
4190 9 770
4191 65 2 22 0 202 120 57 9
4192 79 185 562 397 228 80
4193 433 22
4194 104 4 49
4195 9 0
4196 736 22 0
4197 118 24 250 848 224 224
4198 162 50 852
4199 9 0 272
4200 80 15 120 42
4201 78 22 152 336 117 718
4202 160 123 485 131
4203 31 74
4204 8 4 82 9
4205 2 31 30 9
4206 95 93
4207 80 215 212 208 370
4208 28 562 30 669 42
4209 15 218 22 9 1
4210 520 79 31
4211 65 78 22 194
4212 69 31 125 74
4213 9 746 7 79
4214 137 500 138 80 135
4215 7 4 31 697
4216 291 1
4217 49 22
4218 11 4
4219 10 5 1
4220 116 921 166 598
4221 7 80 2
4222 51 224 224
4223 22 0
4224 48 162 90 22
4225 108 327 9
4226 1 79
4227 65 298 376 79 78 195
4228 30 9
4229 68 22 79
4230 118 144 1 49 131 77 191 72 128 871 20
4231 20 56
4232 171 30 77
4233 157 233 55 3
4234 262 24
4235 291 332 174 686
4236 262 487 243 57 348
4237 28 117 66 134 136 31 620
4238 562 31 118
4239 7 20
4240 427 78 253
4241 542 66 57 28 22 308
4242 93 9
4243 22 31
4244 42 120
4245 7 22 588 585
4246 9 152 25
4247 9 1 55
4248 28 168 671
4249 10 4 0
4250 175 24 51
4251 422 78 659
4252 441 31 30
4253 131 57 31
4254 13 82 16 2
4255 345 95 154
4256 22 15 1 25
4257 4 949 1
4258 177 299
4259 22 11 305 20 9 106
4260 117 31 79 78
4261 8 475 467 31
4262 118 514 612 365 1
4263 673 22 214
4264 2 31 12 1
4265 56 8
4266 259 208 79
4267 10 229 2
4268 24 198 22
4269 698 327 231 5 3 202 25 1 645 275 99 56
4270 22 733
4271 120 42
4272 31 380 457 77
4273 744 80 289 457 9 455 546 215
4274 51 39
4275 85 18 275 20
4276 771
4277 18 175 641 176
4278 199 51 31
4279 272 314 39 90
4280 22 134 719
4281 80 22
4282 82 216 0 9 31 662 5
4283 72 249 300
4284 20 56 2 4
4285 32 50 30 546 224
4286 79 80 177 171 328 202 304
4287 638 9 489 604
4288 10 7
4289 329 22
4290 160 43 178 171 123 396 61 15 202 257 1 443 506 77 121 452 22 487 8 289
4291 124 39
4292 439 22 191 528 637 22
4293 216 9 22
4294 519 15 1 58
4295 22 15
4296 13 225 25 4 20 9
4297 9 295 330
4298 2 4 396 61 108 478 365
4299 9 11
4300 22 198 400 105
4301 41 8 369 749
4302 2 1 0 9
4303 20 22 7
4304 291 30 31 742
4305 118 562 228 256 397 78
4306 129 50 310 61 148 252 110 28 432 419
4307 8 111 79 517
4308 31 551
4309 9 0
4310 22 49 80
4311 289 4 31
4312 114 664 0 9 218 31
4313 80 56 31
4314 2 22 9
4315 7 41
4316 138 308 28 31
4317 134 392 744 605 244 39 202 416
4318 550 258
4319 2 90 176 4 175 1
4320 577 28 320
4321 11 112
4322 22 180
4323 124 259 20 263 511
4324 668 135 22 842
4325 51 551
4326 415 294 244 39 394 43
4327 0 2
4328 252 31 128 77 9
4329 557 22 22 50 721 31 217
4330 48 6
4331 2 11 0 9
4332 515 22 27 44 317
4333 957 31 74
4334 79 51
4335 4 82 11
4336 227 7 178 3 43
4337 10 0 1
4338 342 223
4339 34 85 353 69 7 0 31 229 39 232
4340 4 2 1
4341 116 187 77
4342 250 154 31
4343 2 9
4344 10 9 1
4345 384 79 348 99 572 189 903 380
4346 50 1
4347 9 1
4348 8 56 31
4349 10 11
4350 138 28
4351 246 217 89 90 249 8 517 51 72 897
4352 90 117 7
4353 11 90 3
4354 513
4355 72 78 80 31 79 121
4356 56 25 105 31 387 43 78 191
4357 232 31 3
4358 43 8
4359 383 58 50 90
4360 40 232
4361 25 117 80 191
4362 30 1 18 4
4363 572 72 8 544
4364 299 194 8 22 208
4365 7 79
4366 9 5 10 2
4367 16 408 798
4368 461 225 79 82 1 162 353 93
4369 171 80
4370 185 671 56
4371 77 251 185 57
4372 20 4 1
4373 379 890 572
4374 135 28
4375 8 71 122 42
4376 116 24 104 22
4377 73 84 447
4378 9 0 1 4
4379 4 191 221 117
4380 736 2 11
4381 22 79
4382 48 22
4383 777 22 28 135
4384 163 1 4 15
4385 20 25
4386 202 313
4387 95 310
4388 11 1
4389 633 22 79 1
4390 28 25 152
4391 1 5 22
4392 25 7 0 9
4393 351 317 79
4394 121 111 30 72 63 441 57 1 557
4395 4 431 22
4396 16 352 34
4397 554 189 89 24 309 78
4398 9 89 441
4399 0 353 2 9
4400 1 313 257
4401 117 420 380 808 106
4402 0 90 1
4403 750 22 117 299
4404 22 2
4405 8 0 272
4406 244 22 4
4407 173 182 510 254 172 363
4408 753 2 15 9
4409 10 348
4410 686 134 1 853 80 30 282 9
4411 79 66 858 826
4412 299 43 89 50
4413 4 16 12
4414 2 11 9
4415 152 22 217
4416 1 8 10 0
4417 576 0 82 353 291
4418 0 2 305 9 25
4419 72 80 79 398 443 832 539
4420 28 65
4421 1 22 20
4422 4 538 31 15
4423 49 104 22 31
4424 291 9 4
4425 80 514 501
4426 79
4427 0 82 31
4428 845 134 208 158 212 477 846
4429 2 7 0 8 20 9
4430 430 22 1
4431 15 11 1 13 20 2
4432 1 9
4433 77 629 116 117
4434 694 214 80 105
4435 289 42
4436 265 22
4437 339 247
4438 2 0
4439 22 493 90
4440 672 83 24 342 59 12 311 0 3 31 81 273 25 296 82 58 85 232 17 7 22 34 229 335 8 9 353 295
4441 22 64 86 1
4442 8 22 673 31
4443 4 0 1
4444 9 207 31
4445 4 50 104 22
4446 22 20 58
4447 22 95
4448 0 5 11
4449 8 34 229 31 22 377 0 7
4450 121 240 1
4451 37 0 3 53 232
4452 194 215 185 117 212 337 250
4453 701 79 596 34
4454 25 79 19
4455 118 138 72
4456 193 263 8 201
4457 256 182
4458 50 22 25
4459 355 370 72 42 117
4460 20 18
4461 515 4 53 550 18 49 2 258
4462 78 22 693
4463 10 8 0
4464 4 22 31
4465 665 42 108
4466 124 31 25 128
4467 651 16 22 11 10 57 12
4468 135 28
4469 834 79 22 8 80 398
4470 916 79 2
4471 8 458 30 202 394 9
4472 117 265 30 130 22
4473 41
4474 24 11 22 25 12 10 9
4475 188 22
4476 30 35
4477 146 22 187 189 191 56 302 31 472 215 308
4478 4 2
4479 90 2 56 1
4480 82 2 65 743 350 671 0 452 42
4481 9 31 1 263
4482 77 416 244 9 457 85 249 473
4483 234 1 30 470
4484 22 1 93
4485 365 4
4486 117 66 22 89 243 476 270
4487 335 7 82 9
4488 730 31 9 247
4489 31 10 55
4490 129 61 51 590
4491 11 39 65 79 33 254
4492 380 256 80 31 267
4493 10 8 39 324
4494 18 16 106 34 353
4495 4 217 79
4496 55 9
4497 55 20 4
4498 50 22 95 22
4499 138 72 31 28 66 1 211
4500 0 18
4501 31 505
4502 25 1
4503 138 214 80 677 78 202
4504 0 61 2 5
4505 20 383
4506 124 4 42 123 289 1 9
4507 28 22
4508 151 321 370
4509 72 78 397 558 25
4510 148 486 554 136 129 257
4511 15 9 25
4512 39 922
4513 4 455 22 31
4514 58 1 0 20 104
4515 4 43 39
4516 581 4 253
4517 70 18
4518 4 104 22 305
4519 24 69 325 66 554 326 171 8 265 173 251 78 120
4520 530 20 22 21 25 221 47
4521 61 104 403
4522 247 0
4523 78 80 32 9
4524 291 18 16 0 84 223
4525 31 30 66 191
4526 1 4
4527 50 5 0
4528 20 90 31 56 12 22
4529 333 8 191
4530 270 22 22 202
4531 31 619 300
4532 22 20
4533 16 80 0 8 82 146
4534 42 217 117 22
4535 665 1 559 136 8 30 106
4536 300 191 0
4537 4 58 104 56 25
4538 193 25 22
4539 117 22 462 50 92
4540 295 22 0 327 55 498
4541 49 10 106
4542 134 671 292 575 106 38 73 39 339 855
4543 585 597 327 25 638 463
4544 390 64
4545 1 4 7
4546 25 672 40 22
4547 272 11 82
4548 8 5
4549 90 438 31
4550 75 212 77 215 30
4551 398 797 31 228 256
4552 39 7 79 121 118 9
4553 117 8 22 22
4554 89 72 231 8 69
4555 79 253 228 80 117
4556 11 1 3
4557 43
4558 342 225 64
4559 951 117
4560 79 11 24 13 201
4561 600 131
4562 4 8 86
4563 428 28
4564 39 4 513 324 0 9
4565 28 215 814 257 45 217 51 24 259
4566 34 22 18
4567 8 441
4568 2 22 8 53
4569 22 3 232 31 7
4570 9 2
4571 9 365 22
4572 1 22 58
4573 843 25 487 0 4 232 643
4574 187 322 9
4575 893 117
4576 118 31 380 63
4577 177 41 22 217 69 24 476 162 866 22
4578 9 31 0
4579 244 57
4580 20 25
4581 583 468 9 57 152
4582 503 72 256 370 214 8 52 813 854 936
4583 753 499 9
4584 131
4585 25 30 22 4
4586 22 129
4587 78 253 373
4588 263 777 264 146 131 214 191 136 476 31 25 222 185 268 720 337 645 22 339 56 928 846
4589 58 193 34
4590 8 22
4591 8 95 93 79
4592 65 24 85 275 7 0 12 276 39 104 557
4593 168 250
4594 8 0 9
4595 106 686 415 770 655 1
4596 2 58 191 351 0 466 56 220 31 12
4597 117 249 186 191 8 662 447 310 63
4598 31 2 0
4599 4 22 121
4600 135 22 22 191
4601 303 31 25 80 425 9
4602 10 311 84 353 20 25 8 121 275 15 7 703 9 229 232 99 643 55 18 365 41 6 82
4603 8 11 9
4604 220 9
4605 339 756 188 79 586 31 472 213 584 259 707 73 570 74 80
4606 215 31
4607 177 79 253
4608 81 0 353 15 43 272
4609 117 183 79 189 50 93 95 131 30 854 68 425 348 302 73 22 365 8 212 823
4610 43 920 214
4611 138 131
4612 265 171 355 84
4613 117 193 61
4614 702 8 57 17
4615 31 62 327 616
4616 416 8 214
4617 327 1 350 0
4618 5 272 2
4619 7 39 31 49 78
4620 170 22
4621 22 250 255 31
4622 10 348 264 2
4623 121 170 372
4624 22 9 1 216 2
4625 134 291 31 798
4626 272 66 355 79 72 220 386 247 80 217 158 243 309 92 6 1 443 431 452 4 270 34 8 9
4627 8 224 255
4628 16 85 48 12
4629 4 742
4630 39 50 22 153 106 188 548
4631 80 342 72 25
4632 10 0 1
4633 118 225 134 188 250 89 253 123 441
4634 225 678 90
4635 656 0
4636 233 177 99 89
4637 281 77
4638 22 72 796
4639 20 691 740 31
4640 1 4 0
4641 92 31 9 72
4642 136 282 823
4643 170 345
4644 31 93 22
4645 1 5 2
4646 25 350 55 1 20 9
4647 31 6 0
4648 50 22 191 117
4649 0 11 55 1
4650 2 7
4651 34 332 2 31 9
4652 69 576 73 1
4653 20 48 16 31
4654 31 0 9 327
4655 0 60 82 2
4656 942 90 253 25
4657 400 318 69 173 129 561
4658 22 25
4659 394 416 31 53 77
4660 407 22 80 31 15 1 82 54
4661 30 744 131
4662 89 66 247
4663 272 12 22 353 13 9
4664 711 125 79 31
4665 7 227 22 275 3 20 4
4666 250 107 22 238 50 61 890
4667 28 354 389 138 89 726 289 855 920
4668 131 31
4669 255 89 263
4670 61 263 39 72 158 255 546
4671 24 22 510 40 131 521
4672 202 39
4673 31 291
4674 281 72 89
4675 909 25
4676 89 301
4677 11 1
4678 11 57 10 4
4679 11 390
4680 592 818 51
4681 473 134 83 34 0 919 590 20 4 123 332 42 441 540
4682 9 22 73
4683 25 22
4684 138 117 61
4685 667 31 531
4686 39 122 178 99 24 31
4687 15 9
4688 8 117
4689 1 0
4690 0 5 2
4691 81 25 50 8 4 31 353
4692 16 0
4693 106 31 513 122 131
4694 272 2 82 1 9
4695 3 232
4696 8 22 121
4697 8 328 46
4698 22 1 14 19 20
4699 9 1
4700 235 245 47 18
4701 9 0 8 80
4702 342 163 335
4703 22 501 714 80 8 42 78
4704 400 6 80
4705 154 22 250
4706 125 135 757
4707 9 6 1
4708 11 705 7 9 104
4709 16 0 10 234 425 4
4710 507 4 575 72
4711 58 265
4712 79 42 123 77
4713 120 42 123
4714 155 77 354 31 151 61 145 28 22 25
4715 48 25 18
4716 129 505 146 128 22
4717 20 6
4718 535 2 548 175
4719 443 77 251
4720 121 8 486 31 80
4721 272 22 39 1
4722 311 226 79 1 0 4
4723 22 22
4724 45 74 72 342 441
4725 254 116 75
4726 233 30 39 88
4727 22 167 31 64 93 104
4728 16 11 679
4729 812 151 89 30 4 57 143
4730 24 8 66 30
4731 9 136 575 125 666 92
4732 78 39
4733 714 191 472 718 57 453 25
4734 4 15 191 50
4735 8 289
4736 111 78 20 191 22
4737 89 312 154 18
4738 25 275 230 3 20 9
4739 66 77
4740 11 20
4741 327 817 191 24
4742 31 77
4743 305 9 176
4744 22 43 599
4745 24 79 191 248
4746 1 3 232
4747 9 2
4748 342 49 228 15 80 170 43
4749 11 4 30
4750 8 4
4751 129 302 173 117 318 561
4752 2 5
4753 31 4 1 37
4754 562 228 398 443 293 427 566
4755 20 7
4756 50 6 1
4757 108 861 79 443 505 89 56 69 4 31 215 380 105
4758 453 189 419 626 247 136 786 709 92 267 110 22 39 908 8 846
4759 276 22 373 743 218 24 31
4760 9 89 39
4761 913 30
4762 22 206
4763 272 277 163 11 24 276 20 31 202 377 324 120 85 4 7 34 65 275 8
4764 61 1 442
4765 118 22 31 289
4766 1 585 31
4767 20 22 9 82 31
4768 1 48 4
4769 0 9
4770 644 22 583
4771 790 4 30 31
4772 255 31
4773 1 4 9 80
4774 30 8 518 136
4775 22 31
4776 129 138 28 31
4777 90 436 253 22 773 1
4778 9 11
4779 55 4 113 49
4780 9 6 57 14 15
4781 1 4 15 2 0
4782 4 57 9
4783 15 51 656 22
4784 11 104 22
4785 105 22 80 669
4786 3 11 53
4787 52
4788 482 439 104 247
4789 9 191 110 378
4790 0 2
4791 0 10 2
4792 11 0 12
4793 333 22
4794 300 42 22 31
4795 22 117 514
4796 131 778 22
4797 317 4 58 42
4798 31 30 22
4799 24 0 679 8
4800 4 95 31 90
4801 80 11 669 78
4802 517 22
4803 480 1 162
4804 22 927 138
4805 272 11 365 55 3 8 4 232 93 90
4806 50 43 164
4807 327 24 439
4808 342 312
4809 16 85 22 0
4810 7 15 1
4811 1 310 93 22
4812 11 0
4813 160 43 66 682 79 264 93 136 486 208 309 243 15 92 443 22 120 877 270 22 39 8 514 56 212
4814 10 0 22
4815 22 186 22
4816 90 22
4817 15 18 39 8 517 105 50 645 78 494 30 332 80
4818 4 14 121 15
4819 327 16 5 350 9 247
4820 79 690 4
4821 105 663
4822 89 118 265 257
4823 263 22 22 89 544
4824 262 78 64
4825 8 31 253 365 706 25
4826 20 22
4827 176 305
4828 1 22 121
4829 42 365 66 135 668 867
4830 121 49 20
4831 134 363 52
4832 77 249 80
4833 9 104 0
4834 90 22 291
4835 626 299 22
4836 7 8 4 302 31 616
4837 10 753
4838 31 70 28 711 828 180
4839 48 25 161 22 369 4 244
4840 25 22
4841 43 4
4842 20 4 31
4843 374 324 22 0
4844 58 82 1 2
4845 61 22 31 51 194 4 78 6 1
4846 22 31
4847 342 79
4848 272 25 16 2 13 18 885
4849 7 8 1 104 90
4850 16 20 25 0 86
4851 263 31 89 72
4852 2 104 25 12 8 731 4 9
4853 723 105 380 47 80
4854 118 398 191
4855 117 25 22 217 415 128 31 78
4856 276 16 2 24 9 353
4857 22 9 0
4858 187 300
4859 11 10 2
4860 118 78 564
4861 77 348 118
4862 20 4
4863 234 2 80
4864 8 31
4865 1 218 0 114 31 15
4866 2 0 705 9
4867 0 505 450 89
4868 108 118 22 22 253 136 309 158 56 532 4 123 704 265
4869 150 22 433 416 31
4870 80 89 31 57
4871 103 220 72 22 387 0 313 20 104 9 217
4872 148 8 136 117
4873 557 77 30 72 630 507 647 80
4874 8 342 482
4875 510
4876 383 82 22 34 10 605 99
4877 31 678
4878 11 0
4879 1 739 56 79
4880 4 104 637 31 194 1 9 654 41 1 369
4881 118 444
4882 22 592 476
4883 31 22 262 72
4884 4 6 238
4885 0 4 16
4886 659 191
4887 118 39 77 57 104
4888 4 6 7
4889 191 820
4890 31 380 74 68
4891 131 422 80 31
4892 6 1 20
4893 50 79 31
4894 77 1 9 4
4895 89 202 80
4896 191 34 69 122 66 0 136 326 56 871 215 826
4897 161 815 635 239 208
4898 22 140
4899 235 47
4900 17 78 80 89
4901 22 449 138
4902 99 79 370 117
4903 43 7 703 431 0 50 8 220 310 545
4904 767 939 353 605 546 89 31 9 72 648 8 401 602 117 29 602 765 62
4905 171 31 80
4906 585 56 439 584
4907 31 89
4908 2 0 9 353
4909 408 22 2
4910 11 2
4911 771 368 9 24 104
4912 562 80 22 118 105 443
4913 28 248
4914 22 89 8 4 82 81
4915 252 89 4 18 14 48 37 121 194 527 553 20
4916 82 0 8 9
4917 30 1 20 234
4918 213 150 71
4919 11 616 115 18 49 22 8 56
4920 441 77 31 115 73 125
4921 829 4 6
4922 837 4 289
4923 191 31 656
4924 39 0 31
4925 234 10 9
4926 20 609
4927 272 7 0
4928 13 12 10 9
4929 755 31 22 109 214
4930 1 1
4931 136 22
4932 398 89 80 72
4933 31 4
4934 43 82 1 22 1 89 68 120 24 84 31 15
4935 2 318 22 705 176 20 9
4936 7 0 9 2
4937 118 682 1 89 49 56 31 90
4938 116 75 187 89 8 63 546
4939 4 50 7
4940 9 10
4941 117 118 73 79 191 8 208 31 215 93 645
4942 2 4
4943 128 117 225
4944 4 335 81 1 5
4945 353 3
4946 332 1 69
4947 327 585
4948 38 8
4949 31 1 247 22
4950 273 24 156 7
4951 20 58 4
4952 66 182 22 72 125
4953 272 22
4954 327 31 110 93 106
4955 58 15 72 4 20 129
4956 25 22
4957 163 44 22 24 1
4958 118 40 22 39 162 24 4 90 944
4959 30 295 20 4
4960 61 79 131 25 561
4961 554 131 249 27
4962 36 22
4963 539 797
4964 30 43 31
4965 66 22 0
4966 4 8 57 191 616
4967 1 49 50 0 25 90 8 158 1
4968 22 0 20 232
4969 95 93
4970 659 77 388 8 370 36
4971 4 31 220 22 0
4972 402 22 624 191 51 93
4973 31 155
4974 61 22 99
4975 66 31
4976 28 22
4977 28 61 253 191
4978 56 31 493 254 39 1
4979 339 556 142 428 145 308 22
4980 579 104 22
4981 0 81 13 9
4982 1 9
4983 546 191 198 945 25
4984 11 58 9
4985 331 215 80 212 56
4986 272 79 2
4987 15 698 8 58 22
4988 1 753
4989 2 1
4990 72 138 111 26 135 137 171 328
4991 2 15 1 9
4992 877 270
4993 9 505 30
4994 683 4 610 0
4995 304 80 228 422 39
4996 138 472 924 22
4997 43 225 2
4998 324 22 25 1
4999 47
5000 22 22
5001 9 2
5002 22 121 741
5003 95 22 25
5004 337 79 375 24
5005 83 0
5006 31 56
5007 30 31 735
5008 10 12 1
5009 55 15 0
5010 20 5
5011 11 12 9 1
5012 22 8
5013 11 88 131 8 634 78
5014 66 61 265 787 152
5015 327 25 2 8 9 57
5016 43 342 79 39
5017 232 0
5018 48 25 257 11 3 115 20 4
5019 22 20 324
5020 342 15 22 0 9
5021 9
5022 80 51 31
5023 4 1 9
5024 22 191
5025 515 31
5026 8 118 34 120 444
5027 0 9
5028 911 28 147
5029 299 659 8 154
5030 228 289 882 562 80 398
5031 2 1 9
5032 512 9 2
5033 20 1
5034 160 43 79 185 250 74 80 192 24 99 56 940
5035 439 90 17 4 43
5036 6 4 30 28 25 258
5037 95 93 117
5038 7 1 25 4
5039 11 2 0
5040 9 2 0
5041 43 22
5042 0 9
5043 117 489 79
5044 0
5045 191 680 50 114 1
5046 8 22 77
5047 304 95 342 714 385
5048 89 233 539
5049 58 22 7 86
5050 89 31
5051 15 22 0 9 1 2
5052 57 46
5053 11 25
5054 70 41 25
5055 89 264 8 31
5056 25 8
5057 79 422 398
5058 31 57 78 80
5059 22 250 441
5060 9 234 2 30
5061 20 6 12
5062 112 72 8 63 132 441
5063 5 2
5064 0 2 89
5065 1 22
5066 671 4 89 309 57
5067 22 4 49
5068 16 4 1
5069 56 4 191
5070 31 9
5071 48 4
5072 256 145 22 135 202 24 766
5073 20 9 1
5074 16 4 0 225
5075 9 1
5076 539 761 78 80 9
5077 9 2 4
5078 135 22 168
5079 25 22 299
5080 659 31
5081 34 11 0 15 352 1
5082 89 225 42 369
5083 25 386 16
5084 170 79 8 30
5085 353 2 25 106 20 1
5086 30 823
5087 8 4
5088 123 194 30 42
5089 312 65 8 30 243 883 270
5090 8 11 1
5091 22 61 66
5092 10 173 2 0
5093 11 31 42
5094 312 69 90 22 22 28
5095 25 7 10 0 8 31
5096 43 66 644 203 49 191 122 8 839 31 247
5097 11 12
5098 4 11 0 1
5099 95 22 90 40
5100 9 1
5101 4 22 480 95
5102 423 22 22
5103 132 418
5104 135 28
5105 13 15 31 16 273 1 642 60
5106 16 275
5107 43 22 673 57
5108 33 31 289
5109 106 6 20 9
5110 886 671 22
5111 262 529 31 75 787
5112 4 53 769 30
5113 208 212
5114 104 22
5115 80 728 8 58 885
5116 312 31 645 148 117 69 116 318
5117 135 55 273 191 120 310 1 5 57 31 2 387 90 829 20 104 15 9 317
5118 948 50 327 93 49 585
5119 1 49 22
5120 1 15 799 86
5121 493 6
5122 131 56
5123 8 104 0 1
5124 835 43
5125 111 31 486 85 131 370 69 481
5126 56 7 22 4
5127 25 111 11 39 80 84 56 576 704 31
5128 191 4 169 207 537 367 481 956 31 517 9 171 57 28 301 775 418 118 48 8 926 174 125 570 550 518 30 56 115
5129 72 4 80
5130 905 11 39 31 72 78
5131 259 398 158 22
5132 761 258 1
5133 20 31
5134 4 22 25
5135 2 9
5136 22 15
5137 178 77
5138 230 22 342 72 28
5139 134 402
5140 80 22 78 173
5141 182 1 80 31
5142 339 361 331 8 72 171 28 136 173 253
5143 22 163 266 660
5144 1 4 49 22
5145 31 208 871 22 4
5146 131 9 1 105
5147 591 79
5148 6 8 80 22
5149 16 18 85 2
5150 31 15
5151 22 191
5152 79 22 228 186 80
5153 342 39 15 31 118 9 468 69 327 453 22 5
5154 22 31
5155 533 4 22
5156 327 22 773
5157 11 7
5158 398 562 758 105
5159 118 8 131 122 61 42
5160 309 25
5161 188 201 22 25
5162 116 22 655 1 302 31 380
5163 2 39 208 215 22
5164 0 169
5165 50 318 299 202
5166 9 1 11 0
5167 13 2
5168 22 93
5169 586 110 68 136 194 30 673 9 418 57 167
5170 86 4
5171 61 624
5172 34 572 22
5173 4 134 121 453 80 117
5174 719 693 421
5175 79 22 31
5176 7 5 4 95 22 22
5177 30 17 559 3
5178 2 15 662 1
5179 43 22 723 79 80
5180 11 0 327 4 1
5181 60 272 0
5182 7 11 22 114
5183 3 1 226
5184 9 2 0
5185 65 490 22 291 154 22 234 940 172 509 566 66 231 9 0 8 570 104 148 2 544 136 139 5 153 539 20 289 8
5186 118 422 80 443
5187 4 83 34 431 31 6 235 43 352 233 355 386
5188 75 256 31
5189 489 31
5190 30 218 16 273 0
5191 1 519 20 9 57
5192 20 41 22
5193 10 0
5194 25 20 9
5195 191 285
5196 50 310 1
5197 925 118 9 80 397
5198 1 257 0
5199 9 412 813
5200 43 15 4
5201 79 2 4 1 594
5202 30 753 105 31 526 2
5203 15 6 1 90
5204 4 56
5205 0 9
5206 4 58 30 1
5207 185 39 505 131 671 217 56 9
5208 2 218
5209 69 22
5210 99 79
5211 89 25 28
5212 0 17 1
5213 20 49
5214 16 11 0
5215 11 7
5216 2 403 0 9
5217 90 50 194 49
5218 20 34 58
5219 342 522 8 22 191 261
5220 22 12 1 0
5221 212 31 247 79
5222 8 39
5223 8 49
5224 9 289 77
5225 455 30 22 744 31 56
5226 277 16 79 2 6 10 218 30 452 18 353 42 12
5227 0 499 1
5228 50 57 22 25
5229 113 20 9 10
5230 12 20 9
5231 8 55 9
5232 31 11 80 623 544
5233 0 7
5234 216 313 54 115
5235 276 18 22
5236 554 77
5237 8 0
5238 390 9 42
5239 80 280
5240 39 303 370 24
5241 117 853 24 447 118 136 421 296 1 49 4 317 8
5242 11 2 0
5243 22 257 258
5244 75 22 56 590 646
5245 72 28 136 842 265 370 117 308 168 125 611 936
5246 105 51 106
5247 248 79 77 93 57 308
5248 79 22 9 546 151 259
5249 4 690 22 191
5250 165 77 31
5251 173 942 505 80 171 31
5252 54 5 2 0
5253 233 49 1
5254 69 80
5255 9 10 20
5256 2 9
5257 134 68 136 671 450 24 253 191 89 110 202
5258 31 54 9 8 407 0
5259 22 80 513 11 22 40 78 117
5260 0 496
5261 28 42
5262 477 22
5263 22 77 405 397
5264 267 57 367 784 125
5265 284 4
5266 372 193 395 22 645 191 125 310
5267 16 596
5268 198 191
5269 2 0
5270 707 228 80 31 376 128 85 265 293 539
5271 22 66 191
5272 22 25
5273 0 8
5274 148 22 31 539
5275 441 186
5276 8 31 9
5277 16 24 22 60
5278 504 143 31
5279 228 78 136 397
5280 20 0 175 9
5281 79 4 89 309
5282 234 0 18
5283 187 31 30 66
5284 520 131 11
5285 123 8 425 31
5286 20 0 276 31
5287 249 669 51 229 129 267 421 834 77 306 15 80 616 295 117
5288 30 300
5289 22 1 440 85 18
5290 20 6 365 11
5291 228 22 80 56 31 233
5292 560 957 80
5293 22 92 168 575
5294 31 22 507 4
5295 30 31 289 118 255 144
5296 0 111
5297 2 11
5298 107 369 22 533
5299 22 4
5300 606 233 22 78 397 228
5301 10 6
5302 231 14 123 9
5303 34 274 640 575
5304 155 31
5305 117 342 353
5306 28 711 22
5307 6 4 12
5308 250 49 1 117
5309 30 31 16 18
5310 57 79 22 313 51
5311 228 39 30 397 873 148 214 563 505
5312 567 647 1
5313 22 31
5314 191 66 497 309
5315 669 31 89 22
5316 30 830 416 77 458 118 9 33 394
5317 4 571 77
5318 80 7 23 25 56 264 576 20
5319 4 15 9 442
5320 697 8 246 31 224
5321 1 0 2
5322 79 253
5323 54 8 202 4
5324 311 48 7 22 9 310 31 18 353 386 202
5325 415 456 394 460 77 39 9 459 30 56
5326 28 250 370
5327 148 118 136 56 78 9
5328 0 1
5329 714 131 18
5330 689 43 31 659 233
5331 51 914 31
5332 4 295 13 15 22
5333 380 131 472 915 78 397 505 138 57 570 813 557 79 244 245 539 117 289
5334 22 50
5335 4 441
5336 22 616 49
5337 1 4 51 52
5338 46 90 22
5339 46 794 387 39 72
5340 10 0
5341 121 24 4 202
5342 58 8 31 218 34 85 18
5343 476 12 202 18 82
5344 22 55 8 175
5345 163 10 123 42 276 0 218 3 84 31 18 25 628 324 120 452 593 7 22 216 275 468
5346 161 31 185
5347 31 342 52 77
5348 28 117 25 50 8 115
5349 0 499 1
5350 58 22 160 22 31 923 8 43 20
5351 128 4 263
5352 52 116 152 801
5353 220 20 1
5354 93 372
5355 8 58
5356 185 413
5357 239 4
5358 4 842 30 936 31 505 737 212
5359 1 7
5360 253 39 22 51 93
5361 253 42 170 93
5362 7 1 55 4
5363 50 8
5364 73 22 162 8 439 4 64 724
5365 22 39 193 24 8
5366 31 18
5367 380 8 527 398 118 764
5368 310 217 309 8 78 388
5369 25 253
5370 363 905 561
5371 7 22 8 175
5372 450 213 31 505 320 675 308 136
5373 272 2 1 10 0 9
5374 387 8 25
5375 8 31 177 90 131 50 27
5376 10 7 176
5377 7 1 10 476 4
5378 2 327 8 498 20
5379 117 77 30 370 69 123 302 441
5380 4 31 22 7 1
5381 90 9 31
5382 24 93 7 4 53 528
5383 8 227 232 80
5384 576 11 1 6 20 9
5385 191 25
5386 441 118 31 89 11 92 767 267
5387 61 51 193
5388 22 4
5389 28 354
5390 15 1
5391 829 20
5392 9 0 10
5393 4 115 1
5394 0 2 9
5395 89 118 72
5396 80 158
5397 9 59 107
5398 8 34 31 264
5399 535 332 221 15 776 90 374 169 20 6
5400 0 2 55
5401 58 22 56 10 82 60 1 9
5402 59 42
5403 43 25 244
5404 4 19 207
5405 437 316
5406 1 18
5407 72 637
5408 535 11 12 90 1 175
5409 0 106 15
5410 229 8 264 56 69 4
5411 0 43 77 39 254 659
5412 123 727 77 289
5413 39 162 174 30 9 332 57
5414 0 706 20
5415 138 28 25 505
5416 4 22 31
5417 31 125
5418 4 24 276
5419 8 2
5420 0 25 89 729
5421 191 104 0 9
5422 18 0
5423 108 80 562 397 78
5424 1 507
5425 15 25 0
5426 20 234 56
5427 8 31 79 20
5428 20 31 5
5429 187 69 31 304 66 117
5430 20 1 0 2
5431 57 22 42
5432 50 530 15 1 202 0
5433 167 476 31 78
5434 253 66 77
5435 34 85 311 31 10 20
5436 25 2 0 258 9 31 396
5437 522 735 385 39 49 533 9 15 90
5438 250 22 80 117
5439 10 736
5440 9 135 69 217
5441 31 72
5442 312 22 57 474
5443 804 28 25
5444 250 95 99
5445 9 4 678
5446 744 455
5447 20 310 31 169 773
5448 342 75 57 30 136 251
5449 2 20 9
5450 6 1 9
5451 8 80 447 25
5452 90 82 218 34 0 515 4 375 24 324 120 274 84 216 628 20 42 551
5453 25 39 191 171 31 477
5454 542 445
5455 28 22 22
5456 193 191 8 217
5457 9 31
5458 133 106 476
5459 20 656
5460 11 0 31
5461 66 22 214 517 413 560 331
5462 31 50 135 136
5463 9 0 2
5464 151 210
5465 1 22 1
5466 8 66 513 198 826
5467 564 562 80 398
5468 8 20 272
5469 80 0 9 31
5470 838 756 761 79 361 288 31 566 9 228 80 117
5471 8 2 11
5472 4 10 753
5473 58 31 1 30
5474 306 233 135 28
5475 106 9 2
5476 19 633 31 9
5477 104 22 7 31 22 24
5478 18 1
5479 56 484 148 57 8 453 488 418 65 9 490
5480 273 22 2
5481 676 135 667 359
5482 1 41 25
5483 312 140 183 26 265 755 95 89 217 136 195 31 25 376 77 328 144 666 219 888
5484 22 291 50 613
5485 22 291 327 632
5486 919 31 105
5487 0 2
5488 1 155
5489 289 301 22
5490 302 250 111
5491 0 4 11
5492 9 31 22
5493 43 252 51 8 128 468 31
5494 22 1
5495 60 576 54 519 184 1 22 0 9 243
5496 11 9 1 4
5497 439 24 7
5498 613 22 317 31
5499 15 436 22 0
5500 232 57 1 1
5501 510 544
5502 22 57 546 575
5503 20 175 9
5504 69 129
5505 520 31 231
5506 696 424 191
5507 30 89 4
5508 80 31 1 48
5509 180 77
5510 480 90 162
5511 1 1
5512 9 31
5513 3 20 0 1 157 4
5514 925 134 85 586 233
5515 216 218
5516 8 134
5517 228 72 80 31 179 65 380 79 161 265 118 370 62 940
5518 25 8 4
5519 250 750 79 22
5520 9 0
5521 11 1
5522 739 1 640 0 701 31 553 57
5523 57 31 413
5524 264 31 56
5525 5 9
5526 311 0 745
5527 22 22 20 6
5528 1 273 30 22
5529 11 0 476 31 25 291 56 105
5530 443 138 78 80 398 31
5531 656 79 4
5532 475 79 217 265 237
5533 95 222 752 22 385 251 89 529 8 370
5534 9 2
5535 20 16 18
5536 403 191 56 9
5537 0 4 15
5538 43 272 2 1 11 31 15
5539 31 546 79
5540 49 79 469 118 117
5541 22 25 4
5542 118 80 25
5543 778 221 31
5544 273 16 80
5545 78 31 645 847
5546 16 241 1
5547 43 247 91 191 136 243 371 387 128 645 270 173 365 8 172 905
5548 4
5549 11 0 1
5550 1 0 117
5551 4 31
5552 79 52 30
5553 354 780 505 72 8 31
5554 1 22
5555 11 90 15
5556 4 1 913 748
5557 90 41 1
5558 78 31 513 74 91 80 222
5559 138 454 143 326 645
5560 30 51
5561 22 95
5562 8 272 58 22
5563 39 42 9
5564 20 25
5565 798 106 18 86
5566 22 79
5567 11 275 0 41
5568 402 571 256 961
5569 30 49
5570 22 65 4
5571 1 22 9 191 43 22
5572 8 22 20 1
5573 1 0 2
5574 2 1 22 1 324 9
5575 22 42 253 123
5576 79 528 228 443 398 397 72 361 51 129 9 57
5577 4 1
5578 56 25 163 272 216 220 185 65 335 701 311 11 18 85 1 12 34 9 42 31 476 375 51
5579 9 20 0
5580 20 334
5581 11 886 45
5582 58 444 89 380 213 584 271 749 332 1 63 150 446 4
5583 51 56 85
5584 18 701 22
5585 94 144 306
5586 90 4 20 6
5587 108 513 43 77
5588 1 4 24 22
5589 828 22 28 329 138 151
5590 6 31
5591 1 22 0
5592 1 232 386 0
5593 1 0
5594 485 22 42 123
5595 548 90
5596 6 131 0
5597 72 767 602 765 94 125 25
5598 8 160
5599 55 8 52
5600 269 709 31
5601 244 30 50 22
5602 191 34 799 22 530
5603 7 11 5 9 2
5604 623 402 191
5605 77 75 613
5606 198 72 263
5607 485 1 191
5608 397 425 78 80 61 245 118 94
5609 11 0 93
5610 30 331 816 22 1 171
5611 7 2 664 216 103 175 15 548
5612 770 46 167 57 247
5613 890 72
5614 16 8 593 276 85
5615 9 648 896
5616 125 140 281 145
5617 398 259 228 397
5618 11 8 9
5619 5 104 2 11 22 43 225 0 12
5620 8 9 20 31
5621 0 31 3
5622 378 7
5623 868 22 89 80 192 69 123 93 421
5624 79 460 191
5625 90 4
5626 517 518 25 8 244
5627 1 257 9 4
5628 333 193 22
5629 4 80 8 31 82 22 731 9
5630 272 383 170 79 39 0 42 645
5631 22 794 77
5632 4 22
5633 117 154 79 8 18 9
5634 216 54 2 0
5635 4 31 84 85 1 34 39 20 275
5636 43 4 8 56 57 117
5637 22 0 1
5638 58 28 31
5639 2 0 284 8
5640 51 30
5641 30 9 2
5642 7 8 11 9 2
5643 31 425 79
5644 398 58
5645 485 453 418 31 139 56 217 104 484
5646 22 1 753 0
5647 264 79 31
5648 941 462 212 935 929 930 846 158 904 800
5649 22 8
5650 48 15 22 4
5651 6 50 383 20 22
5652 229 217 8
5653 217 191
5654 43 4 118 78 22
5655 178 869 8
5656 120 225
5657 79 97 50 242
5658 812 50 375 874
5659 89 30 57 22
5660 310 308
5661 720 134 364 8 875 117 135 247 145 138 136 28 486 172 318 759
5662 662 661 0 1 25
5663 554 598 179 66 77
5664 441 961 248 510
5665 25 7 226 22 231 50 704
5666 79 22 72
5667 8 55 9 176 773
5668 117 120 444 42
5669 56 2 216 25 221 436 110
5670 171 4 360
5671 9 0
5672 8 11 60 491
5673 348 5 10
5674 68 9 492
5675 52 313 77
5676 58 1 4 1
5677 185 22 1
5678 312 383 586 22 584 4
5679 272 24 27 4
5680 0 5
5681 342 796 77
5682 718 31 818
5683 31 49 22 9
5684 249 57 22
5685 58 22 1 4
5686 56 57 25 89 20
5687 38 599
5688 31 66 57 56
5689 2 4 220 9
5690 8 31 4 799 86
5691 5 2 0 1
5692 441 123 116 120 645 39 225
5693 335 594
5694 93 95 50 90
5695 8 43 9
5696 255 118 61 22 22
5697 77 9 124
5698 1 39 77
5699 4 0 12
5700 31 68 79 25
5701 304 22 191 217 31
5702 117 365 90
5703 1 7 104
5704 90 8 9 175
5705 31 544
5706 720 84 131
5707 77 59
5708 106 117 570
5709 2 25 16 22
5710 299 20
5711 136 110 68 66 139
5712 11 2
5713 25 1 104 20 430
5714 8 855 1
5715 5 2 0
5716 80 9
5717 9 399 287
5718 39 89
5719 0 55 10 9
5720 2 52 1
5721 6 22 22
5722 0 55
5723 78 80
5724 1 333 4
5725 49 31 616
5726 30 0 31
5727 22 39 366 80 136 208 129 31
5728 4
5729 0 1 327 2
5730 31 247 418
5731 20 84 22 31
5732 11 9
5733 117 401 348
5734 187 25 117 80 31
5735 0 10 2
5736 22 22 43 51
5737 518 118 190 80 539 517 99 128 78 962
5738 9 302 31 37
5739 4 40 49 22
5740 304 191
5741 22 79 366 22
5742 469 8 46
5743 285 290
5744 117 111 244
5745 302 39 31 22
5746 2 0 5 353
5747 9 79
5748 85 253 468 0 31 10 184 317
5749 89 11 25 93
5750 0 18 20 6
5751 81 2
5752 20
5753 56 30
5754 90 164 25 31 1 22 55 6
5755 89 72 57 52
5756 4 31 30
5757 728 259 465 28
5758 22 400
5759 11 8 80 9 1
5760 327 1 49 439 242
5761 58 268 22 42 486 77 9 441 123 571
5762 66 135 113 136 31 541
5763 96 4 56
5764 134 419 57
5765 43 621 7 22 1 10 917 4 9 15
5766 2 22 216 10 218 13 104
5767 831 447 28
5768 661 0 25 2
5769 291 551 9
5770 2 9 55
5771 43 7 2 1 253 468 20
5772 4 652 48 58 1
5773 207 349 217 22
5774 0 20 1 9
5775 681 817 9 1 585
5776 50 1
5777 425 900 58
5778 249 39 77
5779 170 710
5780 7 0 56 4 104 90
5781 30 43 66 118 24 164 39
5782 118 4 252 30
5783 66 138 8 61 778 34 22 28
5784 336 80 22
5785 227 22 0 8 4 9 93
5786 9 0
5787 9 90 672
5788 290 25 39 310
5789 22 1 6 18
5790 96 214 31 92
5791 518 896 554 14
5792 22 891
5793 131 80 187 36 173 849 365 8 427 130 56 331
5794 4 18 507
5795 85 275 104 18 377
5796 9 1
5797 8 339 154 505
5798 1 25 56
5799 77 75 40 22
5800 272 8 4 93
5801 9 398 8 107
5802 196 8 217 826 84 920 40
5803 31 4 1
5804 10 0 22
5805 9
5806 11 191 22
5807 1 1 25
5808 166 600 264 22
5809 775 8 25 94 31 68
5810 11 0 4 1
5811 9 1 0
5812 8 0 2
5813 753 5
5814 31 57 22
5815 46 31 348
5816 387 80 8 31 92 120 455 717
5817 125 22
5818 22 0
5819 56 80 8 10 39
5820 258 20 22 49 22
5821 6 106 20
5822 31 128 78 22
5823 327 1 218 9
5824 22 232
5825 9 148 31 152 194 61 484 57 217 139
5826 8 207 79 30 304 208 144 212
5827 31 30 22
5828 0 25
5829 41 39 22
5830 291 9 672
5831 11 2 0
5832 66 31 77 215 457 458 72 416 9
5833 8 441 122
5834 61 490 102 433 484 69 489 348 194 822 104 1 148 453 90 68 217 117
5835 191 57 402 56 819
5836 265 78 61 185 57
5837 532 16 1 9 2
5838 813 402 182 50 921 598 139
5839 230 0 157 55
5840 18 9 25
5841 22 15 4
5842 10 4 2
5843 57 111 296 481 4
5844 22 233
5845 4 11 18
5846 752 118 80 397 228 66 22 31 25 719 521 472
5847 0 1 9
5848 22 1
5849 129 645 28 173 61 56
5850 8 945 74 79
5851 244 25 73 681 247 118 3 106 34 8 33 5 227 127 745 913 574 50 333 31 18 48 7
5852 11 8 717 417
5853 254 251 56
5854 0 9
5855 31 402 614
5856 118 8
5857 0 22 31 1 220
5858 43 79 40 206 370
5859 273 0
5860 7 1
5861 6
5862 9 90 20
5863 402 387 247 136 25
5864 56 2 20 1
5865 1 0
5866 9 0 2
5867 118 22
5868 0 2 9
5869 51 464
5870 256 8 911 74 66
5871 686 22 360 9 247
5872 61 49 191 328 171 477
5873 485 365
5874 602 603 380
5875 2 0 13
5876 4 31 772
5877 20 1
5878 10 11 0 1
5879 131 80 2
5880 15 4 49
5881 40 22 1
5882 106 2
5883 22 15 208
5884 300 31 522 25
5885 104 40 403
5886 11 50 7
5887 51 24 154 65
5888 22 2 31 8 731 4 1
5889 2 8 1 106
5890 4
5891 353 2 9
5892 896 30 14 31
5893 66 501
5894 289 11 89
5895 77 289 39
5896 90 6 22
5897 464 49 9 106
5898 493 317 24 90
5899 215 31 244 775 89 88 609 265 214 505 9 726 61
5900 474 518 79 820 282 713 761 131 136 129 896 724 257 22 537 822 22 624 719 253 64 57 331
5901 28 135
5902 28 191
5903 22 31 56 1
5904 9 31 58
5905 116 39 251 57
5906 9 285 287
5907 25 367 80 772
5908 6 22
5909 905 42 733 131 267 514 91
5910 31 134
5911 43 0 1 690
5912 12 20 9
5913 77 62 57
5914 11 39 228 50 139 444 288 66 401 655 117 256 55 80 645 906 69 568 539 51 562 484 302 136 665 370 125 123 940
5915 8 22 0
5916 244 8 269 31
5917 48 50 4
5918 451 89 31 68 206 122
5919 273 0 55 1
5920 20 899
5921 177 22
5922 7 108 25 44 273 34 275 24 468 505 218 0 8 39 277 202 120 386 377 375 19 2 163 628 12 20
5923 9 11 25 275
5924 2 4 82 1
5925 58 49 22 90 374
5926 75 66 252 217 418
5927 18 0 7
5928 2 4 8 55 0
5929 57 30 92
5930 28 73 22 22 308 72
5931 0 226 232
5932 398 293 80
5933 391 22 191 56
5934 173 31 441 725
5935 31 171 231 954 4 1
5936 22 193 447
5937 22 240 72 8 790 124 96 5
5938 58 41 7 579 4
5939 173 306 508 77 228 416 756 506
5940 249 225 144 1 1 131 231 106 31
5941 262 9
5942 517 7
5943 118 185 131
5944 4 365 1
5945 8 15 0 407 216
5946 10 53 58 54
5947 47 57 844 235
5948 165 39 66 4
5949 28 57 528
5950 0 22
5951 191 826 99 509 469 510
5952 20 913
5953 0 2
5954 117 4 90
5955 517 61 30
5956 89 208 215 22
5957 22 31
5958 136 8 31
5959 4 710
5960 825 66 31
5961 2 15
5962 173 302 291
5963 31 214 80 22
5964 775 94 539 24 370 123 42 95 572 89 217 30 31 472 92 116 25 318 754 255 154 441 449 336 565 56 9 905
5965 1 20 9 4
5966 191 22 291 22 25 1
5967 342 22 25
5968 118 879 95 165 160 554 476 31 466 251
5969 9 1
5970 22 15 4 82 1 54
5971 744 31 457 249
5972 61 22
5973 173 31 131 433
5974 615 39
5975 110 22
5976 22 22 20 90
5977 31 6 80 30
5978 397 758 228 742 31 106
5979 46 55 663
5980 961 68 921 598 139 646
5981 22 58
5982 22 0 3 193
5983 20 2 0
5984 447 31 4 9
5985 859 11 2
5986 686 614
5987 118 58 6 74 309 93
5988 90 6
5989 4 49
5990 79 189 39 80 375 31 154
5991 22 53 85 202
5992 90 104 9
5993 31 30
5994 162 1 15 90 1
5995 265 158
5996 46 79 261 1 1
5997 182 590 851 256
5998 749 947 41
5999 170 79 117
6000 944 85 481 221 27
6001 49 34 86
6002 10 11 34
6003 31 692 34
6004 148 136
6005 248 24 95
6006 284 10 4 324
6007 1 121 519 4 202
6008 9 1 2
6009 50 43 1 4
6010 31 57 461 72
6011 25 118 22 80 78
6012 715 0 311
6013 95 22 117 31
6014 22 428 31 56
6015 80 31 395
6016 233 154
6017 22 72 78 517
6018 253 194 598 56 129 139 892
6019 118 289 65 27
6020 2 753 55
6021 1 5
6022 229 25
6023 853 104
6024 856 104 9
6025 22 39 365 131 8 158 573 69 310 125 92
6026 9 31 5
6027 9 1
6028 444 125 267 120
6029 11 486 56 953 117
6030 2 55 0 8
6031 11 55 0 9
6032 272 22 0
6033 95 116 84
6034 43 31
6035 123 267 441
6036 0 10
6037 177 31 1 51 270 22 841
6038 118 42
6039 0 10
6040 9 2
6041 111 256 818 77 231 106 31 57 609
6042 9 31
6043 327 7 22 1 10 20 9 90
6044 592 25 89 8 51
6045 64 50
6046 256 8 22
6047 22 385 191 831 883
6048 265 97 117
6049 194 24 95 39 207 30 22 11
6050 89 31 80
6051 250 28 72 833 31
6052 1 20 9 407
6053 51 31
6054 89 4 30
6055 901 272 2 1
6056 191 25
6057 11 0
6058 12 4
6059 62 415 14 66 425 478 39 30 394 53 416
6060 15 1 25
6061 30 552 51
6062 22 31
6063 177 151 671 908 74 72 8 135 31 64 57 42
6064 1 25
6065 22 31
6066 4 6 431 1
6067 66 167
6068 353 81 959
6069 20 39
6070 276 8 31 58 39 0 86 557
6071 79 4 681 39 679 9
6072 0 8 452 216 20
6073 20 106 754
6074 22 39 616
6075 31 822
6076 22 191 4
6077 207 127
6078 50 22 9
6079 22 0 2 272
6080 90 2 82
6081 64 24 79 180 185 99 136
6082 496 2 11
6083 692 90 31
6084 43
6085 31 546
6086 24 382 28
6087 25 0
6088 4 567
6089 22 146 575 121
6090 121 8 31 1 78 13 0 2
6091 30 208 202 118 394 457 456 9 33
6092 9 2 272
6093 318 64 93
6094 4 8 498 327 1
6095 22 300 30
6096 25 11 12 234 9
6097 22 79 2 12
6098 173 340 703 50 308
6099 191 56 299 27
6100 6 1 22
6101 756 761 128 265 9 505 621
6102 4 2 10
6103 22 31 39
6104 28 95 761 319 331
6105 10 4 106
6106 25 151 299
6107 250 39 80 136 31
6108 25 275 20 0
6109 139 14 31 217 291 284 485 193 369 7 202 61 233 148 418 945 256 98 509 68 331 539 89 20 110 118 1
6110 217 191 31
6111 383 233 18 229
6112 8 15 1
6113 8 99
6114 544 448 222 329 131 72 136 816 546 902
6115 1 2 61 11
6116 370 289 31
6117 342 8
6118 173 48 18
6119 16 25 31 5 704 20 1 9
6120 58 65
6121 128 77
6122 1 0 8 104
6123 581 491 1
6124 11 22 81 1
6125 30 51
6126 25 22 1 0 15
6127 295 6 20 535
6128 22 49 632 39
6129 550 938
6130 305 9 0 741
6131 377 22 22 264 20
6132 24 615
6133 3 958 16 34 42 558 627 0 56 9 560
6134 2 1 11 55 4 93 12
6135 136 57
6136 11 13 22 0 2
6137 11 0 12 9
6138 30 0 11
6139 51 90 22
6140 120 665 42
6141 40 22 120 9
6142 22 28 354
6143 79 4 1 174 117
6144 16 22
6145 72 22 9
6146 383 69 64 57
6147 7 768 10 1
6148 10 887 317 917
6149 20 331
6150 9 31
6151 206 8 31
6152 22 2 4 430
6153 11 360
6154 129 131 31
6155 37 78
6156 11 247 66
6157 295 30 150
6158 513 138 80 136 450 466 514 25
6159 118 4 24
6160 262 134 61 14 80 31 315 232 291 507 30 731 587
6161 228 78 726 31 380 118
6162 22 22 155
6163 191 80 121 22 25 105 1
6164 2 13 1
6165 64 215 31
6166 0 25 9
6167 80 333 191
6168 22
6169 4 16 22
6170 110 49 258 56 31 441
6171 20 50 863
6172 2 7 706 1
6173 22 167
6174 48 647
6175 223 651
6176 129 193 80
6177 8 1 2 0
6178 22 170 56 257 1
6179 235 83
6180 50 31 247 542
6181 25 104 353 234 292 11 0 9 5 176 43 153
6182 0 82 353 15
6183 123 120 441 42
6184 342 79 188
6185 402 133 734 134
6186 30 121 240
6187 24 102
6188 9 771 32
6189 2 4 16 8 386
6190 31 93 2 9
6191 8 0 10
6192 50 80 191 939 105 327
6193 31 475 66 487
6194 826 89 24 30 546
6195 188 443 191 398 758 80
6196 1 8 0
6197 139 418 441 598 961 921 56 25
6198 56 25 193 477 364 95 355 282 149 371 130 191 250 217 90 80 363 148 22 517 22 78 570 385 61
6199 1 56
6200 663 9 30 80
6201 66 22 191 922 31
6202 151 28 538 668 9
6203 551 297 536 770
6204 66 31
6205 16 42 118 0 30 273 181 388 4 762 553 22 250 8 9
6206 2 234 10 20 9
6207 90 43
6208 11 10 1
6209 14 225
6210 318 806 191 24 56 96 202
6211 0 2
6212 484 453 79 162 488 136 489 342 9 148
6213 2 12 10 25
6214 43 473 9
6215 11 439 15 253 637 4
6216 95 10 4 9 93 90
6217 20 9 221
6218 118 193 213 253 117
6219 516 207
6220 11 25 9
6221 97 95 55 0 48 1 49 275 8
6222 4 161 640 871 34
6223 327 16 367 350 30 9
6224 43 18 20
6225 79 633 0
6226 8 0 621 324 283 4
6227 281 92 31 202
6228 339 51
6229 72 15 31 191 25 837
6230 152
6231 117 50 689 79
6232 247 191
6233 312 80 50 31 310 125
6234 313 1 8
6235 20 110 43 0 9 1 4
6236 1 20 4
6237 313 57 22
6238 0 2
6239 7 0 9
6240 8 22 205 212
6241 0 48 87
6242 79 2 0
6243 4 8 226 55 233 230
6244 104 22 15 1
6245 122 818 96
6246 639 885
6247 175 403
6248 4 247 7 724
6249 150 111 586 147 256 138 89 145 191 72 142 392 504 370 56 123 57 125
6250 595 683 217 0 58
6251 69 104
6252 22 1
6253 22 9
6254 16 22 31
6255 9 272 55
6256 261 79 31
6257 299 220 15
6258 208 22 8 215
6259 108 2 6 1 56
6260 8 31
6261 22 22 117 305
6262 517 22
6263 22 8
6264 39 22 486
6265 30 744 202 546 394 31 33 478
6266 4 22 469
6267 8 22 202
6268 191 15 22
6269 30 31 321 89 22 243 321
6270 727 665 441 42
6271 903 42 134 181 31
6272 31 39 30 493 457
6273 15 22 313 9 4
6274 49 191 51 31
6275 0 31 25 9
6276 1 22 81
6277 521 4 193
6278 255 312 95 118 90 250 72 253 11
6279 116 960 140 22 289 441
6280 22 8 22
6281 48 25
6282 2 1 56
6283 151 25 256 9
6284 10 22 2
6285 252 20 4
6286 208 22 0
6287 198 230 308 348
6288 709 331
6289 11 0
6290 22 913 519 104
6291 85 1
6292 11 0 9
6293 254 118 79
6294 49 0
6295 546 18 841 154 30 57
6296 134 30 295 125
6297 281 135 4 32 210 209 213 121 889
6298 123 120
6299 68 202
6300 99 886 31 25
6301 20 1
6302 51 61 66 22
6303 118 22 69 31
6304 487 22 92
6305 311 0 1 272
6306 2 0
6307 401 30
6308 450 94 793 31
6309 255 8 30 107
6310 4 85 15 9
6311 145 213 28 191
6312 243 25
6313 22 99 468
6314 616 332 90 9
6315 1 8 536 20
6316 173 118 39 80 326
6317 16 42 77
6318 10 273 0
6319 8 25 9
6320 129 31 905 22 173 25
6321 81 7 83 50 8 9
6322 61 350
6323 0 226 79 232
6324 15 4 191
6325 25 134
6326 118 31 445 228
6327 131 117
6328 916 50 0 31 8 39 863 310
6329 7 22 43 0 9
6330 28 8
6331 25 12 20 430
6332 65 24 93 788 633 776 174
6333 662 15 22 661 1 25
6334 152 22
6335 25 8 117 134
6336 1 5 11
6337 25 118 562 644 398 138 80 677 339 56 31 265 78
6338 61 118 682 31 423 602 202 4
6339 258 34 31
6340 37 9 214
6341 22 22 68 123 31 42
6342 89 247 22 212 208 4
6343 150 118 144 80 293 31
6344 576 1
6345 22
6346 4 416 429 30
6347 79 2 11 335 9 31 430 5
6348 518 134 11 625 297 252 790 699 247 315 394 3 115 31 546 389 884 1 49 536 4 39 32 56 289 9 35 57
6349 327 58 22 0
6350 844 34 413 18
6351 19 7 18
6352 39 78 139 80 849 873 250 85
6353 484 247 349 167 257 478 244 134 237 155 1 418 66 921
6354 10 1
6355 1 89 30 618
6356 258 8 22
6357 1 173 14
6358 8 79
6359 39
6360 89 51
6361 3 1 1
6362 66 520 134 734 57
6363 10 11 548
6364 0 4
6365 441 191 194
6366 82 18
6367 58 4
6368 9 1
6369 135 28 357
6370 28 117 118 402 80 51 8 4 31 340 202
6371 526 42
6372 20 310 7 216 218 22
6373 173 31 520 225 80
6374 9 0
6375 8 0
6376 20 22 9
6377 471 4 477 265 28
6378 24 8
6379 25 28 191
6380 22 22
6381 121 48 385
6382 11 0
6383 50 22
6384 9 0 24 2
6385 272 916 3 311 609 0 47 58 31 104 90
6386 31 22 64 66
6387 2 1 0
6388 124 30
6389 57 8 20 18
6390 1 93 351
6391 180 42 22
6392 20 1
6393 225 42 31
6394 95 310 22
6395 4 99 85
6396 22 79
6397 310 299 220 114 9 22
6398 948 25 30 118 398 723
6399 854 22
6400 80 191
6401 554 22 42
6402 16 31 2 9
6403 106 5
6404 9 2 0
6405 916 1 12 39 258
6406 138 57 30 570 79 191 66 443
6407 0 2
6408 93 22 65
6409 624 590
6410 265 67 851
6411 286 171 9 285 807 557
6412 2 0 11
6413 278 42 52 8 1 515
6414 354 210
6415 120 56 4 9 42 90
6416 187 194 191
6417 160 170 11 12 515 386 167 2 203 466 236 25 1 4 280 216 56 69 9 332 753 105
6418 20 11
6419 10 2
6420 1 10 2
6421 419 151 57 22 28
6422 1 2 0
6423 341 9
6424 2 22 22 49 65 13 85 9 90
6425 262 43 11 237 25 886 365 92
6426 24 353 218 0 232
6427 9 31 30 128
6428 5 234 2
6429 493 31 4
6430 1 0
6431 1 90 0
6432 37
6433 55 548 1 53 5
6434 2 0 90 731 39 4 1 54
6435 744 289 128
6436 11 72 31 750 587 191 214 936 477 433
6437 775 177 117 66 402 721 94 488 72 539 805 333 102 167 106 771 195 246 244 25 187 22 63 570 365 65 56 905 64 125
6438 22 327 173 25
6439 28 61 25 22
6440 340 265 331 22
6441 31 202
6442 8 4 0
6443 9 25
6444 8 22 348
6445 291 262
6446 25 95 44 22 275 335 9 90 430
6447 444 398 80 117
6448 262 285
6449 4 11 639
6450 25 8 228
6451 49 1
6452 11 0
6453 9 50 135
6454 399 431
6455 234 0 30 9
6456 11 0
6457 133 30
6458 79 22 375
6459 9 71
6460 93
6461 58 1 4
6462 288 80
6463 676 265 22
6464 443 566 562 49 78 80
6465 858 960 258
6466 213 135 370 504
6467 58 0 238 621 5
6468 342 703 79 31
6469 77 421
6470 2 0 10 1
6471 31 2
6472 10 25 8
6473 20 11
6474 20 1
6475 50 8 178
6476 627 375 274 218 0 163 31 628 55 12 39 4 216 120 82 123 324
6477 39 31 597 68
6478 171 427 336
6479 4 576
6480 403 11 41
6481 22 273 49
6482 22 352 1 335 342 627 4 78
6483 43 118 948 79 24 84 171 31 42
6484 861 25 185 39 131 8 205 20 455 31 199
6485 24 160 8 202
6486 342 95 117
6487 10 22 15
6488 20 55 507 0
6489 227 78 4
6490 8 24 9
6491 8 214
6492 273 633 0 257
6493 173 22 349 433 423 171
6494 1 0
6495 11 10 0
6496 668 261 213 260 946 31 370 265 135 9
6497 395 31 20
6498 150 72 349 30 940 389
6499 138 33 31 22
6500 353 31 60 9
6501 25 31 11 39
6502 226 55 8 4 20
6503 158 50 159 58 22 80
6504 129 22
6505 39 427 130 78 80
6506 835 15 2
6507 233 57
6508 24 66 31 134
6509 24 22 728 100 22 187 327 8 264 45 175 100 57
6510 369
6511 8 89
6512 476 258 193
6513 170 317 79 439 58 22
6514 247 79
6515 22 190
6516 30 0 15 2
6517 1 499 2 0
6518 272 20 39 84
6519 22 93 117
6520 117 25 269 136 8 202
6521 124 72
6522 22 107 51
6523 191 25 665 31
6524 22 56
6525 117 420
6526 104 522 8 108 880
6527 817 327 8 39 1
6528 117 1 443 4 945 15
6529 43 117 259 31
6530 669 78 22 562 25 117
6531 20 1 11
6532 22 0 616
6533 194 432 66 95 110 68 25
6534 39 41 748 40 4
6535 327 690 4 439 681
6536 2 576 0
6537 20 183 79 922 31
6538 11 2
6539 335 1
6540 22 89 474 57
6541 138 50 15 82 0 131 264 1 2 92
6542 15 0 2 90
6543 8 89
6544 10 4 1
6545 860 177
6546 56 22 380 99 446 50
6547 74 8 31 105
6548 9 1 0
6549 225 1
6550 50 327 10 39 114 43 317
6551 1 121 43 790
6552 11 20 0
6553 89 18 106 0
6554 1 106 50 39
6555 234 2 1 9
6556 151 265 501 145
6557 7 90
6558 148 66 282
6559 174 106 25
6560 95 22 291
6561 57 474 586
6562 216 24 1 30
6563 368 22
6564 61 31
6565 8 1 82 175
6566 31 36 77
6567 57
6568 1 18
6569 31 112 80
6570 401 22
6571 5 193 647 79 310 95
6572 257 1 2
6573 0 4 9 175 5
6574 216 5
6575 250 95 154 570 191
6576 30 418 813
6577 8 11 0 13
6578 687 4
6579 25 95 7 752 11 365 97 50 18
6580 12 19 0
6581 6 9 24
6582 106 574 191
6583 4 31 1 58
6584 118 24 66 22 8 106
6585 79 8
6586 1 187 72 31 89
6587 8 22 202
6588 118 365 820 895 69
6589 0 15 8 753
6590 359 671 322 205 135 57
6591 176 8 292 31 93 5
6592 50 703
6593 0 2 13 9
6594 50
6595 11 0 5 10 9
6596 66 22
6597 22 22 4 117
6598 7 4
6599 31 11 1 13 234
6600 1 89 202 22
6601 209 667 135 775
6602 313 22 187 22 89 77 310 105
6603 234 11 106 31
6604 281 28
6605 7 22 627 447 4 9
6606 40 215 51 56
6607 9 1 16 20
6608 50 0
6609 3 659 31 73 250 1 214 232
6610 58 1 25 7 1 41 40
6611 180 387 80 72 24 56 31 477 436
6612 0 22 7 2
6613 0 7 34
6614 110 25
6615 0 20
6616 79 49 0 21 20
6617 876 289
6618 22 403
6619 586 253 468 9 90
6620 258 2 1
6621 273 2 0
6622 11 22 1
6623 120 348 267 125
6624 6 17 20
6625 4 49
6626 9 116 326
6627 637 22
6628 913 104 247 22
6629 108 161 570 1 65 0 72 258 121 24 476 4 69 9
6630 51 217
6631 4 692 31
6632 22 1
6633 1 4 58
6634 57 31
6635 97 89 547 94 577
6636 31 77 134
6637 327 22 43 50 191
6638 39 31
6639 55 0
6640 387 806 0
6641 39 31 134 26 28 362
6642 174 630 318
6643 106 134
6644 35 4
6645 667 22 428 191
6646 9 2
6647 58 1 1 80 30 31
6648 1 104 221
6649 139 80 22 106
6650 134 265 106 30 387 22 56 69
6651 80 136 31 215 30 669
6652 4 2
6653 75 22 77
6654 89 72 30 31
6655 171 562 398 758
6656 733 79 441
6657 443 118 444
6658 2 476 216 121 746 273
6659 272 85 2 9
6660 761 89 426 31 22 85 214 669
6661 20 9
6662 31 202 80
6663 1 62 2
6664 744 249 77 72 122 8 9
6665 41 104
6666 425 39
6667 7 6
6668 39 376 599 290 24 116
6669 1 0 2
6670 148 22 344
6671 116 28 326 77
6672 0 9 4
6673 9 6 11
6674 400 22 871
6675 8 191 370
6676 381 89 22 43
6677 95 66 509 79 189 243 154 270
6678 4 6
6679 0 81
6680 22 57 31
6681 131 201 117 191
6682 79 31 657
6683 790 515 4
6684 226 1 232
6685 11 25 596
6686 28 118 147 11 263 88 131 213 192 136 489 476 31
6687 0 8 4 1
6688 8 1 0 2
6689 572 217 337 31
6690 441 366 89
6691 187 66 431
6692 22 191 822 302 31
6693 6 90 7
6694 10 4 11 0
6695 128 402
6696 7 20
6697 20 1 0
6698 30 306 31 154
6699 31 22 381 4
6700 9 1 2
6701 669 317 22
6702 75 441
6703 10 0 305
6704 218 9
6705 31 8 365 25 273 342 115 22 295 247 11 80 1 276
6706 7 4 57 22
6707 49 557
6708 25 1 0 15
6709 10 0 659
6710 52 672
6711 116 51 89 358
6712 878 353 2 66 39 43 158 81 9
6713 8 80 31 0 56 1 407 283 22
6714 20 342 191 94 31 40 187 9 121 161 256 308
6715 49 17
6716 744 77 289
6717 188 513 22
6718 9 2
6719 22 31 263 129
6720 131 422 31 78 80
6721 2 1 327 11
6722 7 1
6723 116 136 441 22
6724 39 415 72 294 212 31
6725 15 16 1 39 0
6726 134 125 31
6727 402 33 187 68
6728 247 131
6729 10 806 0
6730 136 59 67
6731 79 738 585 90 584 737 57 80
6732 0 2 55
6733 8 31 677 288 761 191 450 400
6734 117 31 684 65 385 248 315 734
6735 3 8 0 230
6736 28 191
6737 79 185 24 84
6738 20 33 11
6739 0 121 2
6740 255 813 22
6741 273 0
6742 95 519 22 58
6743 4 1
6744 34 22
6745 89 50 102 247
6746 9 104 2
6747 2 25 54 9
6748 118 22
6749 1 4 16
6750 50 31 431 104
6751 61 68 110 148
6752 49 369
6753 22 585
6754 946 89 571 476 206 480
6755 0 85
6756 41 476
6757 49 1 2
6758 22 15 1
6759 72 110 263
6760 4 105 148 57 161 64 22 395 1
6761 79 22 9 167 136
6762 39 2 95 42 443 526 348 79 31
6763 527 72 928 171
6764 1 221
6765 20 11 0
6766 51 31 112
6767 43 18 0
6768 1 111
6769 8 191
6770 11 8 20 9
6771 66 356 24 282 708 89 80 136 957 31 92 383 68 192 348 363 477 108 340 39 74 122 69 125
6772 28 77 265 135 668 380
6773 801 118 77
6774 10 2
6775 7 22
6776 0 919
6777 8 99 328
6778 0 10 8 20
6779 118 90 31 80
6780 54 1 9 52 353
6781 276 25 16 58 0 31 18 57
6782 9 4 773
6783 289 75 33
6784 31 1 300
6785 302 118 22 380 80
6786 31 57 9 5
6787 31 11 220 0
6788 0 2
6789 0 7 729 52 106 781 57
6790 177 31 418 201
6791 441 57
6792 7 218
6793 49 90 4 56
6794 267 11 12 20 264 48
6795 272 16 82 58 185 136 30 20 215 233
6796 30 0 20
6797 39 522 892 845 444 89 900 74 645 935 313 136 846 117 814
6798 577 578
6799 31 79 69 24 25 22
6800 1 11 353 22
6801 28 289 135
6802 31 113 527 11
6803 11 0 233 762
6804 0 9
6805 665 31 89 590 441 120
6806 79 31
6807 273 16 82 2 10 9
6808 2 13
6809 11 80 1
6810 261 117 198 89
6811 191 80
6812 25 225 22 4 104
6813 422 669 398 397
6814 8 79
6815 1 317
6816 23 15 82
6817 240 1 121
6818 420 8 9 503 665 28 214 117
6819 9 0
6820 2 22 0 8
6821 1 216 218 0 13 9 15
6822 377 261 7 50 56 20 93
6823 104 7 8 749
6824 249 25
6825 1 9
6826 20 12 0 5
6827 39 8 551 283
6828 173 170 79 89 80 191 372 78 202
6829 367 683
6830 9 234 2
6831 9 2 31
6832 1 546
6833 72 31 247
6834 25 22 1 77 258 335 19 9 90 430
6835 16 324 58 4 9 31
6836 39 191 56 20
6837 11 20 0 8
6838 714 22 56 89
6839 79 6 131 599 31
6840 518 22 18 89
6841 69 348 267 22
6842 1 15 217
6843 1 10 220 9
6844 31 110 645 99 332 40 4 903
6845 34 0 628
6846 4 776 681 22 679 162
6847 20 0 50 9 632
6848 22 106 0 8 305 2
6849 317 4 0
6850 11 48
6851 317 1 258 1
6852 8 22 56 22
6853 265 22 51 31
6854 34 20 885
6855 179 80 92 267 613 316 738 247 30 546 187 106 117 33 134 15 830 586 121 9 212 721 285 89 31 387 477 358
6856 117 272 7 1 49 175 491 8 9
6857 942 177 476 244
6858 191 31 473
6859 8 9
6860 1 30 20
6861 15
6862 1 39 193 1 6 244
6863 27 191 89
6864 15 219 170 1 725
6865 16 1 505
6866 225 553 425 31
6867 249 267 123 42
6868 327 691 22 637 468
6869 365 308
6870 39 90 25 9
6871 1 0
6872 118 121 22 25 56 51
6873 8 250 247
6874 70 1 4
6875 22 517 85 910 247
6876 51 31 49 66 881
6877 213 138 71 281 759
6878 25 11 275 0 106 18 386
6879 22 356 250 799 84 92
6880 8 31
6881 148 346
6882 7 31 55 22 353 0
6883 1 656
6884 56 106 25 66 194 148
6885 117 58 162 56 42 15 90
6886 1 49 103
6887 78 398 138
6888 79 117
6889 0 9
6890 80 758
6891 193 22 480
6892 15 1
6893 117 579 8 9 64 90
6894 2 10 8 705 104
6895 31 271 191 56 259 4
6896 194 4 36 505 268 89 387 517 363 57 74 25 200 48 125 413 70 144 148 92 962
6897 342 79
6898 38 30 6 79 648 770 518 124
6899 225 72 8 128 326 9 416
6900 1 9 11
6901 7 106 1
6902 66 25 160
6903 0 1
6904 6 48
6905 1 483 163
6906 50 431 22 4
6907 57 8 709 92
6908 265 28 791 31
6909 11 13 4 2
6910 11 83 34 4
6911 0 121 4
6912 272 11 0 9 4 310
6913 22 0 90 175 1 9
6914 9 1 4
6915 9 234 2
6916 28 131 72 666 151
6917 4 104 22 43
6918 866 453 24 880 93 304 95 923 384 895 438 154 7 317 253 258 9
6919 22 72 439 9
6920 24 22 433 348 77
6921 2 31 56 6 324
6922 9 22 291
6923 22 39 65 934 27 846
6924 31 202 183 117 477
6925 43 783 111 144 22 70 68 217 415 258 394 136 51 124 18 17
6926 135 151 30
6927 11 341 9
6928 20 2
6929 20 4
6930 31 389
6931 173 118 398 188 397 31 78 202
6932 188 1 22
6933 66 185 337
6934 25 7 22 4
6935 22 4 22
6936 332 22 1 2
6937 20 6
6938 4 22 0
6939 669 20
6940 28 105 1 56 80
6941 128 67
6942 381 72 575 31
6943 10 0 1
6944 20 10 0 85
6945 22 79 30
6946 9 0
6947 215 208
6948 22 0 176
6949 11 20
6950 263 253 22 30
6951 50 519
6952 443 118 427 566 562 78
6953 342 31 28 131 25
6954 134 489 599 832
6955 79 22
6956 358 93 79 40
6957 353 11 31 9
6958 72 787 136 8
6959 302 107 453 72
6960 135 310 63 668 289 72
6961 51 31
6962 318 191 468 487
6963 30 22 31 945
6964 327 350 112
6965 20 430
6966 66 31 207
6967 79 370 402 42 123
6968 118 4
6969 95 121 117
6970 7 6 9
6971 143 8 187
6972 663 121 1 20 829
6973 48 12
6974 295 10 176 0
6975 385 56 9 171 93
6976 39
6977 11 5 1 31
6978 77 22 441 22 673
6979 13 0 50 2
6980 125 42 120
6981 25 0 9 16
6982 49 31 386 622 342
6983 250 338
6984 2 661 104 25 90 10 387 9
6985 753 176 2 0
6986 118 117 43
6987 58 22 25
6988 225 69 501
6989 104 8 104 0 12
6990 168 138 31
6991 240 897
6992 25 16 7 2
6993 273 22 4 7
6994 43 272 16 72 24 93 594 0 84 13 20 202 81 509 68 540 74 99 9 64
6995 96 31 289
6996 726 22 31
6997 4 22 918
6998 30 8 31 22 185
6999 121 116 42
7000 64 827 1 22
7001 627 56
7002 115 213 214 28
7003 117 79 20
7004 177 66
7005 250 401 89
7006 4 558
7007 31 8 102
7008 395 22
7009 90 20 498 327
7010 20 0
7011 31 9 123 472
7012 1 89 193 97 121 4
7013 22 646
7014 50 39 22
7015 37 80 518 22 31
7016 4 1
7017 90 50 40 858 31
7018 9 20
7019 7 20 175 1 104 1
7020 20 1 7 69 17 385 78 80
7021 265 57 28 9
7022 757 31 505 22 78 22
7023 515 1 22
7024 11 0 202
7025 469 104 57
7026 602 1 49 56
7027 436 9 8 56
7028 15 862 258 4 351
7029 441 89
7030 0 342 4 18
7031 46 24 25 7
7032 90 8 158
7033 118 348 31
7034 230 233 1
7035 16 596 0 25 10 20
7036 136 761 131 80
7037 1 106 2
7038 117 69 31
7039 627 18 20
7040 281 28 135
7041 43 25 317 51 9
7042 275 3 82 296 16 22 768 353 18 157 81
7043 208 571 501 249
7044 22 0 4 9
7045 339 8 31 80 106
7046 551 37 9 61
7047 104 22 117
7048 545 24 7 50 468 22
7049 66 39 8 265 93
7050 20 1
7051 232 4 16 229
7052 22 9 25 22 106
7053 447 99 198
7054 583 111 40 324 185 317 121 8 332 18 90
7055 20 104 25
7056 58 118 758 253 121 228 859 42
7057 544 11 12 545 2 55 0 20 37 7 22 8 865 9 753 90 430
7058 81 11 0
7059 135 320 28
7060 265 22 1 89
7061 0 216 192
7062 9 1
7063 187 348
7064 78 80
7065 25 195 923 218 707 5
7066 24 22
7067 22 4
7068 95 93
7069 78 80 6
7070 647 17
7071 11 327 55
7072 9 2 25
7073 1 163 22 1
7074 136 659
7075 1 20
7076 289 0 4 82
7077 106 525 77
7078 148 204 117 71
7079 4 944 31 118
7080 637 31
7081 544 74
7082 22 0 20 9
7083 40 7 637
7084 54 1 0 90
7085 92
7086 342 39 8 31 247 340 167
7087 1 6 25
7088 8 112 55
7089 69 244
7090 2 9
7091 9 0 22
7092 10 51
7093 0 11 753
7094 22 39 4 517
7095 22 106 558
7096 15 40 1 637
7097 171 14 57
7098 731 0
7099 317 90
7100 12 0 4
7101 118 25
7102 28 213
7103 735 92 50 942
7104 790 4
7105 22 960 8 117
7106 58 22 15 4
7107 4 31 42 123
7108 348 49 0 153
7109 146 152 505
7110 478 488 539 392 342 734 93 95 697 186 89 191 30 246 129 418 490 92 248 473 484 814 185 68 194 51 306 255 826 522 73 8 56 148
7111 39 72 254 116 425
7112 550 528 45 1 439
7113 61 31 348 39
7114 647 79 191 25
7115 1 126 20
7116 118 22 31
7117 320 22
7118 753 4 31 9
7119 1 2 9
7120 715 8
7121 57 348 43 8 244 1 79
7122 9 0 8
7123 342 343
7124 574 82 291 1 632
7125 40 131 31
7126 154 96
7127 6 18
7128 25 22
7129 207 1 25 253
7130 282 98 22
7131 185 187 30
7132 116 22 342 801
7133 31 287 788 11 262 80
7134 769 90 79
7135 104 22 221 24
7136 26 66 140 28
7137 189 570 74 487
7138 9 4
7139 49 87 58
7140 11 9 8
7141 58 5 22 24 9 39 156
7142 488 78 80
7143 1 25 504 22 15 22 4
7144 22 291
7145 0 11
7146 22 4
7147 7 22 5 9
7148 7 2 0 9
7149 104 15 4 1
7150 39 31
7151 11 0 7
7152 117 554 75 181 89 521 80 121 8 523 332 31 90 420 200 78
7153 58 55 4 2
7154 22 8 326
7155 31 890
7156 439 22 4 585
7157 118 1 80 4 17
7158 276 82 386 806 0 13
7159 9 2 0
7160 173 117 783 575 316
7161 20 106
7162 8 42 225 175 353 327 154
7163 260 50 22
7164 28 544 4 89
7165 11 31 22 304 327 25
7166 0 2 1
7167 388 31
7168 6 22
7169 0
7170 40 22 857 31
7171 31 396
7172 327 117 776 240 80 24 679 4 332 239
7173 20 4
7174 7 0 8 52
7175 28 48 31 4
7176 56 215 4
7177 9 202 10 0
7178 38 441 20
7179 16 235 34 80 395
7180 20 10 1 0
7181 295 15 20 0 613 430 324
7182 2 15 0 49 225
7183 467 947 688 50 25
7184 158 39 8 486 669
7185 659 425 31 85 39
7186 439 8 136
7187 58 53 13 9
7188 69 31 136
7189 11 1 4 2
7190 241 30
7191 65 118 66 225 443 4 441 120 42
7192 783 80
7193 77 250
7194 106 1 9
7195 7 741 637 519
7196 63 20 42 58 117 51 116 119 84 121
7197 53 22
7198 9 1 8
7199 13 15 22 2
7200 49 18 0
7201 775 313 106 182 40 136 8 368 104
7202 0 110 353
7203 0 51 4 9
7204 24 368 796
7205 89 653
7206 22 8 31
7207 79 173 118 405 398 125 78 22
7208 353 0
7209 108 95 488 333
7210 104 0
7211 122 80
7212 50 22 191
7213 56 264 136 689
7214 30 118 31 425 415 460 9 33
7215 38 31 9
7216 1 9
7217 213 145 31 151
7218 79 31 15 95 7 50 41
7219 80 370 443 89 293
7220 22 659
7221 22 31 28
7222 58 1
7223 11 31 77 118
7224 118 31
7225 30 51
7226 8 507 207 18
7227 118 80 562
7228 262 452
7229 380 570 191 89
7230 2 81 8
7231 327 22 15 0 1
7232 9 615 5
7233 8 22 25 749
7234 251 4 439 8 595
7235 318 173 645 22 561 28 11
7236 89 342 31
7237 30 22 177
7238 37 856
7239 0 20 5
7240 4 1 30
7241 11 365
7242 5 46 2 11 9
7243 194 809 128 837 505 89 72 8 413 30
7244 184 31 10 273 22 105 18 69 335
7245 329 22 950
7246 31 671 310
7247 195 4
7248 22 79 247 22
7249 150 22
7250 48 90 4 11 115 20 7 12
7251 8 632 9
7252 50 57 192
7253 31 18 77
7254 4 22 0 431 2
7255 20 95 49 79
7256 729 706
7257 31 202 185 384 64
7258 20 0 24 18 42 799 16 8 50 557 65
7259 8 331 18 802 172 72 1 131 4 66 537 926 253 355 319 110 433 432 28 64 25 95 9 385 102 217 453 117
7260 79 31 0 747 40
7261 311 377 16 7 2 65 230 4 127
7262 4 89 1 439 72 1 835
7263 31 22
7264 49 4
7265 275 20
7266 22 28 25
7267 4 90 20
7268 4 8 20
7269 22 140 28 355
7270 422 228 106 31
7271 0 232
7272 35 40
7273 154 22
7274 11 0 238
7275 90 1
7276 515 4 0 729
7277 31 185
7278 65 22 6
7279 22 17 4
7280 4 493 16 760
7281 8 244 233 20
7282 9 106
7283 38 121 202 81 1 9
7284 89 57 28
7285 43 85
7286 133 79 134
7287 1 4
7288 31 22 42 225 125 117
7289 55 1 22
7290 4 0 232
7291 58 11 8 0
7292 106 1 25
7293 58 22 126 894 4
7294 11 0 20 1
7295 148 819 363 56 117 77 418 89 136 106 110 25 139
7296 108 25 335 220 84 3 18 82 627 16 85 274 468 505 954 277 202 216 386 81 123 1 12 51 232 115
7297 370 31
7298 0 9
7299 106 10
7300 247 31
7301 93
7302 202 79 858 118
7303 31 195 15 616
7304 9 25 20
7305 122 158 80
7306 8 25 6
7307 4 40 50 519
7308 66 22 158 300
7309 25 191
7310 22 1 567
7311 0 9
7312 2 7 15 5 10
7313 65 28 874 8 202 117
7314 779 1 11 5
7315 367 68 5
7316 55 5 9
7317 10 9 53 2
7318 20 9 7
7319 487 1
7320 291 686 104 31
7321 4 43 31 111 225
7322 327 4
7323 135 668 256
7324 916 22 0 633
7325 24 79
7326 2 58 13 9 12
7327 16 0
7328 1 0 219
7329 267 118 6 1 398 78 397
7330 8 1
7331 335 163 22 20
7332 22 50 327 310
7333 22 131 78 173
7334 2 8
7335 761 120 267
7336 355 16
7337 117 4
7338 20 0 15 4 52 45
7339 133 44
7340 43 22 1 39 55 50 20 576
7341 31 22 136
7342 193 22 58
7343 9 4 79 58
7344 2 218 31 25 15 10 1
7345 11 31 16 225 66 350 2
7346 185 28 94 31 775
7347 167 66 495
7348 6 191 22
7349 16 11 715 4 18
7350 220
7351 609 547 90 22
7352 90 22 1
7353 117 24 99 214
7354 2 22 55 9
7355 9 0
7356 1 754 4 0
7357 193 121 25 90 191
7358 135 213 256
7359 22 253 318 22 208 84 4 181 177 48 77 9 93 545 515 430 173 202 43 1 58 160 13 136 264 425 51 20
7360 25 2 19 9
7361 2 0 0 114 317 1
7362 61 25 644
7363 621 1 89 55 4 611 9 90 5
7364 1 8 181 25
7365 163 170 11 49 24 122 912 56 19 31 722 90 494
7366 961 441 22 77
7367 90 0 2
7368 386 0 15
7369 441 16 486
7370 662 77
7371 118 80 191
7372 72 1 4
7373 1 4
7374 6 295
7375 42 77
7376 9 225 58 317 0 51 84 99 56 20 4 31
7377 43 494
7378 22 80 885 235 106 173
7379 120 167 31
7380 79 8 31 6
7381 118 451 443 22
7382 7 0 22
7383 31 66
7384 2 8 10
7385 882 247 57
7386 451 72 111 31 89 68 355 42 84 4 542
7387 31 7 508 20
7388 22 661 0 25 216
7389 8 4 2 1
7390 9 1 2
7391 66 504 265 266 146 191 298 25 318 337 477 17 78 28 570 526 250 213 56 9 135
7392 382 171 117
7393 637 4 439
7394 16 4 34
7395 31 80
7396 131 551 538 9
7397 22 191 217
7398 369 89 1
7399 9 2
7400 39 22
7401 118 22 22 31
7402 77 124 31
7403 24 22 22 31
7404 443 120 125
7405 0 353 2 221
7406 8 229 30 31 235 0
7407 281 28 732 151 138 733
7408 96 31 455 265 39 441 289
7409 8 2
